26 2 28 5 14 33 17 24 23 35 36 39 44 29 8 48 40 16 32 30 42 41 49 20 50 45 10 38 27 12 21 25 43 4 3 46 15 34 13 31 18 6 22 11 1 47 9 7 19 37
1 26 2 27 3 28 4 29 5 30 6 31 7 32 8 33 9 34 10 35 11 36 12 37 13 38 14 39 15 40 16 41 17 42 18 43 19 44 20 45 21 46 22 47 23 48 24 49 25 50
40 3 44 23 38 12 29 5 30 22 39 15 49 21 50 11 33 10 45 16 46 26 47 24 35 13 36 9 37 18 48 20 34 4 27 2 42 8 28 6 43 17 41 14 32 25 31 7 1 19
8 31 9 33 14 2 37 46 16 19 36 50 15 25 6 1 24 44 29 21 48 17 13 47 40 38 3 49 39 43 12 5 35 22 23 20 30 34 10 42 7 32 4 18 28 11 26 45 27 41
10 22 19 42 44 50 40 14 20 11 36 28 43 7 15 24 4 17 34 3 31 35 46 30 25 2 39 33 37 47 49 1 45 9 18 26 29 38 41 23 48 21 32 6 27 5 13 16 12 8
7 3 14 12 8 6 1 9 11 10 2 5 4 15 13 16
30 14 17 11 31 18 43 32 49 12 42 41 46 9 27 5 21 20 33 25 45 47 1 22 48 26 39 2 19 7 40 28 37 10 8 36 4 3 38 29 34 15 16 6 44 35 50 13 24 23
4 5 29 16 36 9 13 15 7 33 28 6 49 23 42 25 32 11 48 40 50 37 12 39 20 10 19 17 26 38 24 8 44 27 31 2 47 34 14 43 30 21 1 3 46 41 18 45 22 35
29 28 27 26 25 24 23 22 21 20 19 18 17 16 15 14 13 12 11 10 9 8 7 6 5 4 3 1 2 30
38 39 28 45 31 40 29 42 27 32 25 35 30 48 43 49 22 24 23 34 21 26 19 20 17 18 16 13 14 15 12 11 10 9 8 7 6 5 4 3 2 1 44 33 41 36 50 46 47 37
2 1 4 3 6 5 8 7
18 23 32 33 27 36 5 15 4 3 2 26 42 39 22 37 10 17 49 45 38 20 6 50 43 7 14 12 16 31 1 41 40 24 8 29 25 44 28 35 30 48 9 47 34 46 11 13 19 21
34 1 42 8 36 22 20 2 32 6 45 23 29 13 26 14 41 24 46 30 25 50 15 31 11 40 43 38 3 28 17 48 37 10 18 21 49 33 16 5 47 12 27 19 9 39 44 35 4 7
41 49 23 48 26 44 15 24 3 46 28 5 1 9 42 25 36 2 12 29 6 19 11 33 39 34 22 32 35 31 7 17 47 30 27 20 10 16 4 38 37 43 40 21 13 14 50 45 18 8
16 26 14 44 27 13 40 37 11 34 43 2 4 36 33 35 47 8 45 46 24 29 28 18 38 9 1 19 7 17 42 41 20 22 10 48 21 31 49 6 50 32 12 5 15 39 25 30 23 3
27 44 1 9 34 17 42 33 8 16 49 6 38 36 2 41 35 13 31 47 12 22 5 30 39 50 25 18 20 37 28 4 24 32 3 15 48 11 7 40 21 46 26 10 43 29 45 19 14 23
31 40 9 42 4 41 48 21 46 11 24 43 18 8 22 5 20 33 50 7 19 13 34 14 37 44 35 27 36 2 39 28 49 16 23 30 17 45 10 29 47 6 3 15 32 12 25 1 38 26
30 22 15 16 17 29 28 24 23 7 14 13 12 8 9 21 20 19 18 10 11 3 2 1 48 4 5 6 47 27 26 25 37 36 32 33 34 35 38 31 43 42 41 40 44 45 46 39
1 4 6 2 5 3
25 26 19 46 22 10 49 17 43 28 48 32 2 16 45 34 14 1 30 18 23 31 6 33 12 20 47 40 13 29 35 7 8 37 44 4 39 50 27 42 9 38 21 5 3 11 15 36 41 24
32 25 28 21 31 9 6 18 29 47 17 37 7 49 36 43 16 46 15 35 42 19 34 24 38 8 22 44 14 3 26 41 2 39 20 27 33 1 30 23 40 5 12 10 48 45 11 13 50 4
9 42 15 31 25 43 7 34 3 37 13 22 11 26 38 20 27 33 35 8 44 2 29 14 12 17 32 6 5 23 1 39 30 41 21 28 19 36 18 4 10 16 40 24
1 2 3 4 5 6 7 8 9 10 11 12 13 14 15 16 17 18 19 20 21 22 23 24 25 26 27 28 29 30 31 32 33 34 35 36 37 38 39 40 41 42 43 44 45 46 47 48 49 50
16 3 8 11 19 9 26 24 7 1 4 17 13 14 20 23 10 5 25 2 15 6 12 21 22 18
10 12 13 5 17 20 6 14 19 11 16 8 15 3 1 18 2 4 9 7
21 9 44 30 33 38 45 20 50 37 28 10 12 46 4 47 32 36 23 49 29 2 13 6 11 34 19 35 48 17 39 27 40 1 8 42 5 14 26 18 25 22 16 41 31 15 24 3 43 7
28 10 46 15 44 16 32 45 7 20 12 43 47 35 30 34 4 41 33 25 14 17 23 38 42 27 8 5 49 48 9 6 26 18 1 22 39 19 2 13 37 21 36 29 11 24 50 40 3 31
46 44 34 25 11 3 20 40 12 10 7 8 29 15 26 32 49 16 45 43 33 2 48 47 5 17 18 6 41 36 30 21 1 50 19 37 22 4 31 9 27 39 24 42 23 28 13 14 35 38
47 22 30 15 27 13 41 2 3 28 12 49 37 8 42 23 4 33 19 40 39 16 11 34 44 6 31 45 43 17 25 36 24 38 5 7 29 10 1 32 35 18 21 20 26 48 50 14 46 9
4 5 3 27 46 41 34 15 30 6 1 10 2 7 14 18 13 9 33 19 43 17 22 8 11 16 21 28 23 29 25 36 32 26 44 20 24 38 12 40 31 39 47 42 35 48 45 37 49 50
49 45 19 15 38 22 41 12 37 29 5 28 48 17 1 40 2 32 4 33 43 25 44 35 7 14 36 47 23 46 16 3 9 31 21 6 10 18 20 24 27 39 34 11 50 13 8 42 26 30
29 28 25 26 27 22 11 30 31 32 33 36 37 40 39 38 43 14 15 10 9 12 13 16 17 20 21 24 23 18 19 6 7 8 5 3 2 1 4 42 41 44 45 48 47 46 35 34
8 31 48 6 29 4 1 38 49 16 3 45 33 39 25 40 9 44 5 32 17 28 26 41 11 18 34 13 22 27 12 30 42 43 10 35 20 47 15 2 50 46 19 37 7 36 14 24 21 23
38 5 39 45 15 30 36 31 22 49 12 48 34 3 24 21 35 20 18 13 6 47 37 46 40 42 8 26 7 27 9 50 32 43 25 1 41 33 28 19 14 2 17 23 11 10 4 44 16 29
3 2 19 44 22 8 41 26 35 43 40 34 5 27 48 10 31 46 20 45 6 9 37 18 33 12 36 17 38 14 25 15 32 29 4 23 24 42 1 30 49 39 11 50 7 16 47 13 21 28
22 14 6 5 1 2 3 4 8 7 34 33 37 36 40 39 13 9 10 15 16 12 11 19 18 17 21 20 24 23 45 41 42 47 48 44 43 35 27 46 38 30 29 25 26 31 32 28
39 18 34 25 27 19 48 40 22 44 21 38 42 49 47 23 45 28 16 24 30 26 31 46 32 43 36 20 37 33 29 35 17 50 41 4 14 10 3 5 13 1 12 7 6 9 2 8 15 11
21 22 23 26 27 24 25 28 29 30 5 9 10 1 2 3 4 7 6 8 11 12 13 14 15 16 17 18 19 20
23 6 21 27 26 33 5 3 48 1 24 18 50 35 28 9 4 2 42 45 31 17 13 12 39 30 49 15 8 22 32 43 34 19 7 14 40 44 38 10 20 29 46 41 25 16 11 47 37 36
31 30 20 35 45 17 38 1 3 29 9 11 4 36 7 48 34 39 46 47 37 32 25 5 2 49 28 19 12 22 40 10 26 18 33 16 15 44 27 8 13 43 23 41 21 50 14 42 6 24
4 3 24 9 14 47 48 37 40 33 36 35 38 21 26 5 10 2 12 7 16 13 18 1 20 17 30 27 29 50 43 46 41 44 11 28 23 32 31 34 25 42 15 22 19 49 6 8 45 39
38 12 2 46 37 29 22 18 13 41 26 14 11 36 35 45 39 27 25 10 23 19 7 50 32 49 15 4 42 48 16 43 8 9 24 30 33 3 21 44 34 47 31 17 5 6 1 28 40 20
41 44 24 47 26 6 36 2 14 11 21 40 5 39 4 23 45 12 18 49 3 7 35 8 46 13 32 9 29 20 1 42 15 37 34 43 10 27 38 48 50 25 19 33 17 31 22 28 16 30
3 7 10 8 5 1 9 4 6 2
49 50 8 1 5 37 33 35 15 12 19 47 48 27 23 28 21 29 26 24 25 22 30 4 3 6 46 42 45 18 13 14 44 41 43 17 11 20 34 31 40 16 36 7 39 32 38 10 2 9
2 19 33 45 37 26 27 41 29 16 5 11 30 32 18 14 39 38 40 6 8 44 50 43 47 46 23 35 17 10 20 7 13 49 3 48 24 28 21 12 9 34 42 15 4 36 31 25 1 22
1 32 33 18 50 29 22 8 36 6 37 12 19 40 11 27 47 21 20 39 24 30 46 48 35 13 17 23 43 14 45 10 49 31 2 3 41 28 7 9 44 42 4 25 5 34 15 16 26 38
12 13 14 15 16 17 39 20 26 5 44 11 35 43 33 10 34 19 4 24 22 36 41 47 25 31 28 49 40 23 30 1 45 6 32 2 42 7 9 46 38 3 8 21 37 48 50 29 27 18
4 2 38 26 11 12 30 44 28 7 25 48 40 27 3 20 6 23 41 35 39 24 49 29 32 13 33 18 9 21 1 50 15 17 19 8 45 14 36 46 31 10 34 22 5 16 43 47 37 42
9 18 19 43 1 42 8 23 20 31 13 4 11 29 28 3 47 14 46 6 40 5 7 12 44 30 38 24 50 33 2 17 48 36 21 15 32 39 27 16 45 26 41 49 10 35 37 25 22 34
49 36 12 29 7 27 10 31 47 3 2 46 14 6 20 42 25 15 30 40 9 39 11 13 24 38 35 23 1 33 19 26 8 22 28 50 43 32 18 17 44 16 34 41 45 5 4 21 37 48
3 15 1 23 32 9 38 47 29 16 21 34 13 26 39 2 5 33 6 14 19 11 46 17 18 42 44 48 20 30 49 27 12 45 22 41 31 43 37 35 24 50 4 28 36 8 40 7 25 10
33 14 26 40 9 41 18 4 36 44 49 45 30 50 3 29 35 46 43 21 19 11 5 31 47 2 48 22 1 16 42 8 24 20 10 25 39 27 34 38 13 6 28 37 7 23 17 12 15 32
7 1 14 10 3 20 13 17 19 12 2 8 6 18 21 9 16 4 11 15 5 22
20 24 23 22 27 26 25 29 28 32 31 30 43 42 41 45 44 48 47 46 38 39 40 36 37 33 34 35 14 15 16 12 13 9 10 11 3 2 1 5 4 8 7 6 19 18 17 21
6 20 14 21 29 45 32 15 17 18 42 8 47 3 16 33 25 4 31 7 38 39 30 37 24 43 40 27 19 22 34 48 44 28 36 5 12 50 41 46 2 49 11 9 1 35 26 13 10 23
1 3 2 4
3 9 5 8 2 4 6 7 1 10
11 12 16 17 18 14 15 19 13 10 9 3 2 1 6 7 8 4 5 45 50 49 43 44 48 47 46 42 41 40 39 33 34 38 37 36 32 31 35 30 29 23 22 26 21 20 25 24 28 27
20 25 22 16 10 39 11 42 33 30 36 45 4 24 3 31 19 5 44 9 1 28 32 14 15 13 34 23 2 21 27 48 35 41 47 50 49 43 12 6 38 37 46 7 8 26 40 17 29 18
21 13 1 45 7 12 25 5 2 34 26 29 14 48 37 20 11 47 40 41 15 49 50 32 10 9 18 46 33 36 17 4 24 28 22 42 8 43 23 35 44 6 30 27 16 38 39 19 31 3
1 2 26 27 28 4 3 5 29 31 30 6 7 8 32 33 34 10 9 11 35 37 36 12 13 14 38 39 40 16 15 17 41 43 42 18 19 20 44 45 46 22 21 23 47 49 48 24 25 50
23 42 16 12 30 26 8 13 25 33 6 4 17 24 20 1 18 47 48 27 29 10 28 49 5 9 45 35 36 40 41 43 2 11 44 37 14 21 31 7 50 46 38 32 39 22 3 19 15 34
3 1 2 4
23 46 35 15 38 25 21 47 14 31 4 43 20 32 13 34 39 7 19 6 48 45 17 1 26 33 10 22 28 40 5 49 18 2 9 42 3 50 24 36 11 12 8 30 44 37 16 41 29 27
38 39 40 41 42 43 44 45 37 36 35 34 33 32 31 30 29 28 27 1 2 3 4 5 6 7 8 9 10 11 12 13 14 15 16 17 18 19 20 21 22 23 24 25 26 50 49 48 47 46
15 4 3 11 32 35 20 37 8 33 29 30 27 14 5 36 22 23 13 6 16 40 10 2 39 25 17 28 12 7 38 21 19 9 31 18 26 34 1 24
1 3 2 4 6 5 7 9 8 10 12 11 13 15 14 16 18 17 19 21 20 22 24 23 25 27 26 28 30 29 31 33 32 34 36 35 37 39 38 40 42 41 43 45 44 46 48 47 49 50
36 17 10 45 9 44 23 5 48 21 4 50 13 24 32 22 29 7 20 27 16 28 47 15 33 39 2 19 3 43 30 49 18 35 25 42 6 12 8 31 37 34 46 26 14 41 38 1 11 40
1 8 33 10 15 49 36 17 46 24 25 12 32 40 48 47 29 31 34 9 21 30 19 38 45 16 2 18 11 13 28 3 4 5 20 7 35 22 14 44 50 27 6 42 41 39 37 23 43 26
4 5 8 7 2 10 3 9 1 6
9 5 6 7 8 12 11 10 22 21 25 18 19 20 16 15 14 13 17 50 4 3 2 1 23 24 28 27 26 33 29 30 31 32 36 35 34 41 37 38 39 40 44 43 42 49 45 46 47 48
24 17 35 48 44 13 6 34 23 9 33 39 16 45 1 26 5 50 29 46 36 31 11 49 27 2 20 4 10 8 41 42 19 43 3 21 15 30 25 37 47 14 22 18 7 40 28 38 32 12
7 8 4 3 2 1 5 6 11 22 23 24 20 21 17 18 19 30 31 32 28 29 25 26 27 14 15 16 12 13 9 10 47 46 35 34 33 37 36 40 39 38 43 42 41 45 44 48
9 4 3 11 12 15 8 14 16 17 2 18 13 10 1 6 5 7
22 24 18 13 1 28 14 16 6 12 20 21 5 11 19 4 17 15 23 9 3 26 10 7 2 25 27 8
26 4 2 23 32 5 12 29 13 19 36 25 39 9 24 6 27 34 33 7 10 20 14 21 3 15 22 1 18 40 35 16 17 30 11 31 28 38 8 37
45 2 25 1 34 42 44 4 5 13 22 48 40 17 43 49 37 23 31 21 32 35 9 18 15 27 19 29 50 41 8 20 14 16 33 36 10 39 47 3 26 6 28 38 30 7 46 11 12 24
30 5 35 34 33 44 3 10 9 47 13 26 27 45 25 48 16 29 40 15 41 4 1 21 6 18 31 39 14 38 46 12 22 19 42 43 7 49 11 24 36 23 28 20 17 8 37 2 32 50
2 1 4 3 8 5 6 7 10 9 12 11 14 13 16 15 18 17 20 19 22 21 24 23 26 25 28 27 30 29 32 31 34 33 36 35 38 37 40 39 42 41 44 43 46 45 48 47 50 49
10 46 29 47 24 5 15 31 32 40 20 19 6 49 27 3 2 13 36 42 7 23 21 39 43 30 1 17 18 35 34 37 8 25 9 26 45 44 16 12 11 28 38 33 14 4 22 41 50 48
24 49 1 30 50 19 14 20 26 42 8 47 27 15 2 28 12 33 44 9 29 25 43 21 5 39 6 40 4 7 41 48 18 38 34 32 23 10 11 31 16 17 45 22 37 3 35 13 36 46
45 46 21 43 48 4 1 22 2 12 11 29 40 16 5 23 31 42 26 17 15 50 49 39 41 44 33 47 3 14 6 38 35 37 9 18 7 34 25 32 10 30 27 28 13 36 19 20 24 8
5 48 23 13 6 44 17 30 7 35 18 27 15 26 46 12 20 29 21 50 2 14 37 31 41 25 19 49 24 16 1 28 33 32 3 47 11 40 22 42 4 45 9 8 39 38 10 43 34 36
31 2 29 45 11 7 28 37 1 4 6 12 42 10 15 3 44 22 24 18 35 20 14 23 46 9 5 36 27 8 16 30 40 34 17 48 50 49 38 33 26 32 25 41 43 21 13 19 39 47
3 2 29 28 27 26 25 24 23 22 21 20 19 18 17 16 15 14 13 12 11 10 9 8 7 6 5 4 1 30
31 36 32 30 35 25 24 28 27 26 22 23 29 21 20 19 13 12 11 16 17 18 14 15 10 9 3 2 50 6 7 8 4 5 47 48 44 45 1 49 43 42 46 41 40 39 33 34 38 37
48 19 6 44 33 25 21 30 16 7 8 37 22 40 4 31 24 11 27 45 34 32 15 29 28 18 36 41 2 47 49 35 14 1 23 50 43 5 13 20 42 17 38 3 10 39 12 9 46 26
2 5 4 3 1 6
9 27 38 6 43 15 37 7 20 41 21 10 5 50 18 36 34 25 47 42 39 2 22 32 30 29 44 1 11 24 23 8 12 14 26 28 46 40 13 33 48 19 45 4 16 35 3 49 31 17
8 35 16 28 5 11 41 33 26 4 7 37 12 10 20 22 42 43 36 17 46 29 1 15 27 18 24 30 9 32 45 2 31 40 25 50 38 3 14 19 39 21 47 48 6 13 49 23 34 44
13 11 15 30 28 5 4 32 12 24 21 14 20 19 7 25 16 18 8 9 31 29 6 3 2 23 27 22 26 17 1 10
6 38 18 46 29 16 36 9 14 47 49 39 30 44 48 37 13 25 50 34 15 45 40 42 31 28 10 23 3 33 24 7 2 21 20 22 43 17 5 32 26 8 12 35 4 11 41 27 19 1
3 2 1 5 4 7 8 6
41 17 45 27 33 4 44 1 39 48 36 38 28 30 34 50 8 47 2 23 35 25 31 10 42 46 16 19 9 37 3 21 14 13 5 26 11 40 49 18 7 6 15 12 29 43 20 22 24 32
20 30 6 16 14 33 10 35 2 37 4 19 36 47 1 34 23 22 42 13 26 40 17 3 39 8 43 15 41 48 25 11 50 38 44 5 29 46 24 32 7 28 49 21 45 9 18 31 12 27
45 1 13 32 16 36 46 37 38 17 3 29 14 26 22 47 41 20 39 28 12 42 19 8 23 34 50 25 2 48 5 44 30 7 11 33 6 18 35 40 21 31 49 9 4 10 43 15 27 24
15 8 11 37 32 33 13 7 17 41 44 34 39 6 30 31 20 43 10 38 35 25 1 23 27 40 9 50 16 22 4 45 14 5 29 3 24 36 18 2 46 21 26 28 12 49 47 19 42 48
2 7 9 8 1 3 16 11 10 5 6 15 4 12 13 14
10 2 9 4 7 3 8 5 6 1
1 2 7 6 5 4 3 8
5 10 9 1 2 7 3 4 6 8
9 4 48 10 5 19 2 45 24 11 33 36 18 32 40 31 38 6 7 1 25 3 47 15 41 23 28 37 35 43 29 13 44 17 22 14 8 21 26 39 12 42 27 16 20 46 34 30
42 41 7 16 5 45 18 8 32 44 35 15 34 39 21 33 20 11 49 3 24 1 37 2 40 9 26 43 13 23 12 46 22 38 6 50 17 28 19 48 31 25 30 27 47 10 14 36 4 29
6 7 4 3 1 2 5 8 11 10 9 12 13 15 14 16 17 20 18 19 21 24 22 23 25 27 26 29 32 30 28 31 33 35 38 36 34 37 39 40 42 41 43 45 48 46 44 47 49 50
23 37 14 18 31 38 29 47 8 17 35 2 4 39 30 15 6 26 21 16 25 50 41 43 44 9 42 40 48 45 11 13 19 7 12 20 1 46 24 33 36 34 5 10 27 28 3 32 22 49
50 42 13 11 39 2 38 44 37 8 26 49 23 6 4 29 32 25 18 27 5 41 14 28 45 16 12 22 43 19 47 46 30 1 7 34 17 24 31 40 9 10 48 3 35 36 21 20 15 33
8 38 40 49 10 15 25 34 3 31 9 32 46 33 2 1 41 19 20 6 48 23 18 11 14 22 45 7 42 17 50 47 28 12 35 30 26 36 16 24 4 37 13 29 44 43 27 21 5 39
7 3 8 16 15 21 1 9 20 22 2 10 5 12 17 18 4 11 6 14 13 19
41 50 43 48 49 46 47 42 44 45 20 18 14 19 12 11 13 15 16 17 34 37 33 40 38 31 32 36 39 35 22 25 28 23 29 26 24 27 21 1 6 4 5 7 3 2 9 8 10 30
3 2 6 1 5 4
3 2 1 4 5 8 7 6 11 22 23 24 21 20 17 18 19 14 15 16 13 12 9 10
16 22 21 24 23 50 49 44 45 43 48 31 39 30 36 19 33 13 28 8 9 7 6 11 12 15 1 2 4 18 3 10 5 14 47 37 27 42 29 40 38 46 35 34 41 32 25 26 17 20
25 26 46 34 49 48 27 38 28 29 31 42 44 45 47 22 23 5 1 21 2 17 6 4 3 13 24 7 8 9 20 19 18 43 41 40 16 15 14 39 37 36 12 11 10 35 33 32 30 50
11 32 10 29 1 5 3 49 4 34 27 39 24 18 47 20 28 26 42 9 50 45 23 41 7 15 37 40 22 25 14 31 17 16 35 44 19 48 2 30 13 12 38 6 46 8 33 36 43 21
11 40 16 36 22 26 35 10 39 17 13 6 1 25 21 46 4 34 2 28 15 32 18 43 5 29 38 37 24 48 20 23 47 30 44 8 3 19 27 31 7 14 41 12 45 33 9 42 50 49
6 7 13 18 14 15 4 5 8 9 1 11 17 10 3 12 20 19 2 16
8 33 24 1 2 34 13 41 38 40 23 15 16 12 4 9 20 11 19 6 37 7 21 48 28 29 5 26 47 22 17 45 3 42 43 44 18 14 31 27 35 32 39 25 10 30 36 46
31 9 29 37 8 35 28 16 39 25 40 24 44 3 33 12 50 42 45 32 2 1 4 17 23 48 34 47 30 20 49 13 46 14 26 18 43 10 41 5 38 7 27 11 15 22 19 21 6 36
1 28 11 29 25 50 4 31 5 48 47 12 41 13 27 16 32 37 18 36 2 44 30 43 40 26 9 8 22 45 7 24 35 21 19 33 20 14 42 49 15 34 39 17 3 6 46 10 23 38
31 8 24 21 1 46 10 13 26 28 3 39 34 23 22 47 42 14 19 37 38 44 2 40 48 17 9 20 7 32 49 27 50 15 4 45 18 29 43 6 25 30 41 36 33 11 16 35 5 12
2 11 17 23 37 15 27 14 20 33 4 5 19 10 35 9 40 6 38 32 3 21 18 29 22 1 13 25 34 30 26 12 16 8 31 36 7 28 39 24
43 32 25 30 9 12 46 33 24 50 27 23 44 42 21 1 14 17 2 49 6 16 41 20 18 47 5 10 29 31 36 28 39 45 15 37 8 48 13 4 40 3 22 34 26 35 38 11 19 7
45 10 25 20 3 35 34 29 39 18 49 43 33 41 9 7 28 13 40 22 15 16 14 44 5 11 30 48 17 2 21 6 31 36 1 50 19 32 24 37 8 42 26 12 27 46 47 4 23 38
41 49 23 48 26 44 15 24 3 46 28 5 1 9 42 25 36 2 12 29 6 19 11 33 39 34 22 32 35 31 7 17 47 30 27 20 10 16 4 38 37 43 40 21 13 14 50 45 18 8
22 40 50 45 15 46 44 6 21 27 1 10 35 43 12 20 38 49 23 37 34 18 8 25 39 13 36 4 42 17 47 41 24 32 30 29 7 5 16 28 14 9 33 31 2 48 26 11 19 3
10 45 44 25 30 19 42 27 49 18 9 34 40 33 13 46 5 16 32 7 39 3 14 22 11 29 23 2 17 43 6 41 36 31 47 15 26 35 20 28 24 4 21 37 12 1 8 38 50 48
37 36 35 34 38 39 40 33 21 20 19 18 22 23 24 17 5 4 3 2 6 7 8 1 9 16 15 14 10 11 12 13 25 32 31 30 26 27 28 29 41 45 44 43 42 46 48 47
1 26 2 27 3 28 4 29 5 30 6 31 7 32 8 33 9 34 10 35 11 36 37 38 13 12 14 39 15 40 16 41 17 42 18 43 19 44 20 45 21 46 22 47 23 48 24 49 25 50
14 10 27 12 20 32 21 40 16 38 13 33 6 22 43 24 31 23 28 19 34 46 3 41 5 50 7 15 47 37 17 42 11 30 9 1 45 49 36 2 4 48 25 8 35 39 29 18 44 26
4 15 13 28 2 46 25 22 49 29 10 1 30 3 23 7 39 20 24 6 50 8 16 42 17 33 45 40 37 18 41 35 9 27 36 43 32 34 47 48 21 31 44 38 26 11 5 19 14 12
20 8 10 21 44 43 48 49 6 2 16 12 27 23 22 37 11 26 31 41 29 50 5 1 46 28 14 36 33 47 30 25 32 38 7 13 19 3 42 18 15 45 40 4 9 35 24 17 34 39
12 32 18 48 11 27 3 29 24 33 41 7 20 30 25 16 46 6 22 15 43 35 50 42 31 1 37 21 34 28 8 5 14 10 49 23 26 2 36 47 9 4 38 17 39 13 40 45 19 44
4 6 7 15 2 8 1 12 17 3 10 19 14 9 11 16 20 5 13 18
4 27 26 25 24 23 48 47 46 22 21 20 45 44 43 19 18 17 42 41 40 16 15 14 39 38 37 13 12 11 36 35 34 10 9 8 33 32 31 7 6 5 30 29 28 3 2 1 50 49
22 28 29 3 48 2 31 30 6 5 4 47 41 42 15 14 39 43 18 19 40 34 16 17 44 45 46 13 9 8 32 33 7 1 37 36 24 23 38 26 25 20 21 35 27 12 11 10 49 50
1 27 4 26 5 29 9 31 20 49 17 35 3 33 12 34 8 30 6 28 7 21 22 42 32 11 16 36 10 39 14 37 18 41 2 38 40 43 25 50 19 15 45 48 24 46 13 44 23 47
28 43 31 25 27 35 49 26 19 1 34 22 50 6 46 39 17 40 44 23 7 10 30 21 45 11 47 33 41 12 16 18 13 37 48 24 14 3 8 2 20 38 9 15 4 32 29 42 36 5
31 27 1 3 2 26 29 28 4 5 6 30 33 32 8 7 10 34 35 36 12 9 11 37 39 38 14 13 16 40 41 42 18 15 17 43 45 44 20 19 22 46 47 48 24 21 23 49 50 25
4 2 47 45 29 36 7 19 12 8 23 9 27 20 18 11 24 43 14 42 10 15 34 33 46 48 26 32 16 17 30 44 21 31 28 50 3 22 37 5 38 1 25 35 41 49 13 6 39 40
9 45 19 3 46 37 20 11 34 1 4 44 36 49 16 27 43 14 28 6 18 22 21 39 2 42 38 12 41 48 17 7 32 23 50 25 26 35 15 31 8 40 33 5 30 24 47 10 13 29
1 26 2 27 3 28 4 29 5 30 6 31 7 32 8 33 9 34 10 35 11 36 12 37 15 14 13 38 39 40 16 41 17 42 18 43 19 44 20 45 21 46 22 47 23 48 24 49 25 50
9 1 8 10 3 7 6 5 2 4 21 29 26 24 28 25 27 23 22 31 32 38 37 39 40 34 36 33 35 48 46 42 47 45 49 50 41 43 44 17 14 11 16 12 13 15 19 20 18 30
15 17 35 28 45 18 7 46 26 49 21 5 16 3 48 32 1 4 12 2 31 37 27 39 13 36 24 38 43 11 14 44 6 9 22 41 23 20 29 47 34 19 42 8 50 25 40 33 30 10
12 33 22 19 32 6 36 30 15 29 50 1 24 23 7 45 8 48 26 41 28 18 3 9 38 31 43 40 49 46 13 39 2 5 25 20 17 35 16 14 34 4 44 21 10 47 37 27 11 42
9 7 16 3 4 1 11 13 6 15 14 8 10 5 2 12
38 48 15 33 23 27 25 21 16 49 8 35 46 30 40 45 14 41 19 34 31 32 42 10 17 2 28 11 5 22 7 39 36 6 20 12 9 37 43 3 1 13 47 50 44 4 24 18 29 26
3 7 48 36 8 40 15 19 17 35 10 47 5 2 23 41 4 22 25 50 31 43 21 18 9 16 6 11 30 38 37 26 24 13 32 29 20 49 33 42 1 12 45 44 28 14 46 27 39 34
2 18 23 48 38 45 42 46 39 44 40 47 5 11 26 43 27 14 20 49 19 10 7 8 29 4 28 37 36 16 15 17 34 50 32 25 24 35 21 3 12 33 31 1 6 9 22 13 30 41
20 1 40 23 24 4 9 2 35 29 31 3 13 12 34 30 39 15 18 17 26 33 19 6 7 25 22 32 14 8 16 37 38 27 5 10 11 28 21 36
10 34 31 9 42 23 47 21 32 43 29 12 5 16 1 49 7 14 38 28 4 45 46 41 8 25 44 11 24 48 15 6 17 36 3 39 19 33 40 18 2 22 37 35 27 26 30 50 13 20
10 17 46 19 18 28 4 26 15 27 36 21 50 39 23 31 12 47 40 7 48 22 45 20 13 38 8 11 24 43 37 42 1 25 32 35 5 29 44 3 9 30 2 41 16 14 6 34 49 33
39 12 13 14 38 33 50 1 2 3 49 45 42 34 18 17 16 35 21 22 23 24 25 26 27 28 29 30 31 20 19 32 40 11 10 41 48 4 47 43 9 8 44 7 6 5 46 37 15 36
34 14 18 28 45 1 29 27 10 4 42 17 23 31 37 46 13 16 21 9 32 20 3 12 6 26 36 50 49 5 8 22 7 39 15 43 38 44 35 19 2 11 25 41 40 33 24 30 48 47
34 45 9 47 16 31 20 2 11 38 33 19 36 6 40 13 46 12 50 10 1 28 4 17 48 32 5 22 15 26 39 7 18 44 42 29 3 21 43 25 35 27 41 8 49 23 37 24 30 14
11 10 5 8 4 3 12 1 7 9 2 6
49 45 48 33 20 4 9 36 23 21 42 30 2 6 35 3 8 10 5 24 46 27 7 15 17 26 19 34 50 1 32 47 18 29 12 41 44 40 22 39 13 38 11 25 14 43 37 16 28 31
9 4 2 29 24 34 36 25 19 35 1 20 3 27 45 14 48 6 10 43 8 16 41 46 22 39 23 28 33 44 47 17 21 11 38 12 42 30 32 49 13 15 18 5 50 37 31 7 40 26
36 31 41 28 7 22 11 45 27 12 40 9 42 48 15 35 46 25 2 30 29 14 47 18 39 32 37 24 50 43 16 38 26 4 19 44 10 3 34 6 33 20 8 13 49 17 5 1 23 21
2 22 14 16 7 17 20 24 18 5 12 9 21 19 1 10 6 23 3 4 11 15 13 8
25 28 37 14 31 18 40 4 32 27 30 11 34 38 16 42 48 2 13 43 33 45 5 24 9 44 36 6 41 39 26 15 10 17 8 21 22 1 46 3 12 29 35 20 47 23 7 19
3 6 1 2 8 5 4 11 14 13 18 15 16 7 12 9 10 25 26 23 22 21 24 19 20 17 41 40 39 42 37 38 35 34 33 36 31 32 29 28 27 30 44 43 48 45 46 47
39 25 49 31 35 15 36 43 16 48 17 19 40 45 37 30 27 5 8 26 3 12 23 50 9 29 28 38 20 10 42 44 34 41 13 24 32 1 14 6 33 46 2 11 4 47 18 21 22 7
38 5 9 2 11 28 26 29 42 49 19 16 6 14 24 47 18 37 10 4 3 7 44 25 17 23 20 1 8 27 46 50 22 12 15 40 13 41 48 34 43 32 31 36 35 33 21 39 45 30
1 2 3 4 5 6 7 8 9 10 11 12 13 14 15 16 17 18 19 20 21 22 23 24 25 26 27 28 29 30 31 32 33 34 35 36 37 38 39 40 41 42 43 44 45 46 47 48 49 50
6 17 10 13 8 26 11 9 15 16 1 19 21 4 5 20 25 7 14 3 12 24 22 2 18 23
26 38 28 3 2 13 45 47 39 10 11 16 42 29 34 4 17 43 27 50 5 12 21 44 41 46 6 14 18 35 36 33 22 20 9 31 15 23 32 30 49 7 24 19 37 40 48 8 1 25
3 10 34 31 39 9 2 8 37 32 36 6 1 5 35 33 38 4 7 30 23 28 24 25 29 22 26 21 27 40 19 12 16 46 42 45 13 14 18 44 41 43 15 11 17 47 48 49 20 50
18 2 3 24 7 34 44 4 25 47 45 23 46 40 20 29 12 17 19 50 49 39 14 5 33 32 38 35 41 8 9 16 42 30 10 1 28 26 11 21 48 36 22 15 13 27 37 31 6 43
23 42 11 32 3 31 20 27 16 34 50 41 18 2 7 46 44 8 48 30 15 4 38 35 10 40 1 21 9 17 5 33 43 12 19 24 6 22 28 25 26 29 49 39 37 45 36 14 13 47
27 14 2 35 38 32 43 23 25 39 11 5 41 10 18 50 7 9 42 12 26 36 34 31 40 37 13 16 46 6 22 21 30 24 49 19 17 48 20 15 33 44 1 3 28 45 8 29 4 47
19 4 47 43 34 16 6 31 44 45 7 13 28 22 12 3 24 30 23 17 26 15 8 38 49 11 5 35 21 1 32 20 9 41 37 36 2 14 10 29 39 40 25 50 27 48 46 33 18 42
26 28 43 42 21 40 22 6 11 50 48 14 4 29 15 34 16 2 19 33 17 41 5 8 45 24 12 49 36 38 23 18 30 13 7 44 1 35 32 37 27 39 47 10 3 25 46 31 9 20
11 10 36 6 25 14 21 15 43 18 26 33 45 41 1 38 39 31 30 20 29 9 4 3 13 8 40 2 22 27 5 16 19 17 37 34 46 49 47 23 35 12 32 44 28 50 42 24 48 7
31 9 47 20 28 15 19 22 30 16 44 29 32 25 36 8 13 48 24 35 27 11 34 1 41 10 43 50 4 49 14 26 2 33 5 21 17 42 12 3 46 18 38 37 6 39 40 7 45 23
2 4 6 3 5 1
25 1 8 13 23 7 2 9 16 27 19 4 28 15 12 11 17 22 14 18 3 26 24 30 5 10 21 29 20 6
33 34 12 45 41 21 38 44 5 26 30 50 19 47 6 43 11 2 40 7 9 8 29 36 39 16 25 24 3 23 31 42 22 14 1 20 10 28 27 4 32 49 17 15 48 46 13 37 18 35
1 2 3 4 5 6 7 8 9 10 11 12 13 14 15 16 17 18 19 20 21 22 23 24 25 26 27 28 29 30 31 32 33 34 35 36 37 38 39 40 41 42 43 44 45 46 47 48 49 50
18 16 17 19 12 20 14 21 9 24 13 30 7 32 6 28 11 26 15 22 10 27 1 25 8 29 5 23 4 31 3 34 2 33
7 12 1 11 9 6 8 4 10 2 5 3
22 28 25 23 24 21 19 18 10 16 15 17 20 14 13 11 12 9 7 8 2 6 5 3 4 1 47 46 45 43 44 41 39 40 34 38 37 35 36 33 31 32 26 27 29 30 48 42
49 48 47 46 45 44 43 42 41 40 39 38 37 36 35 34 33 32 31 30 29 28 27 26 25 24 23 22 21 20 19 18 17 16 15 14 13 12 11 10 9 8 7 6 5 4 3 2 1 50
8 34 46 30 23 6 11 1 18 40 38 25 7 13 44 33 42 36 50 4 9 24 21 22 49 20 3 28 2 16 27 48 10 37 5 14 19 45 26 47 12 43 31 35 29 39 17 32 41 15
2 9 4 3 16 1 14 17 20 19 12 6 18 11 13 8 5 7 10 15
47 8 9 20 37 2 30 27 49 22 19 10 26 32 17 40 33 36 15 1 5 25 46 43 39 28 3 18 29 50 44 11 12 21 34 23 16 48 31 24 7 4 14 6 45 35 41 42 13 38
23 8 32 9 13 24 22 1 6 4 29 49 19 3 45 30 5 43 2 34 12 33 47 41 38 50 31 17 25 44 46 48 10 16 39 36 14 42 27 20 7 26 15 28 37 35 18 21 11 40
22 8 44 3 26 16 15 18 46 5 11 4 33 41 35 49 20 39 21 43 48 25 23 30 36 9 37 24 40 34 28 29 42 12 17 47 50 6 32 31 45 1 19 27 38 10 14 7 13 2
29 1 28 22 4 45 38 50 9 33 35 20 17 27 15 25 10 43 41 49 6 19 3 13 48 7 42 8 5 32 40 2 46 39 11 47 31 14 44 26 24 37 34 36 16 12 18 30 21 23
13 33 26 9 16 46 10 19 25 36 29 6 2 41 38 24 20 15 11 43 23 8 32 14 31 17 3 42 28 35 22 21 30 45 4 44 37 7 5 40 34 27 12 39 1 18
22 7 34 29 38 10 11 6 9 33 36 20 42 26 16 14 1 41 32 31 25 13 18 40 2 28 17 39 21 37 8 23 3 24 12 35 4 19 27 30 5 15
15 16 33 34 31 32 20 19 46 21 22 30 29 23 24 49 50 40 39 9 10 11 12 5 6 17 41 38 37 43 44 8 7 45 48 4 3 36 35 2 1 14 13 18 47 42 26 25 27 28
31 43 3 34 7 41 48 46 49 22 33 38 21 39 12 18 27 14 40 20 24 17 35 4 16 37 25 28 23 47 1 5 36 6 10 29 11 50 42 44 8 32 13 45 15 9 26 30 19 2
4 5 6 7 3 2 1 8 9 10 11 22 21 20 23 24 25 26 27 14 13 12 15 16 17 18 19 30 29 28 31 32 33 34 35 46 47 48 45 44 40 41 42 43 38 39 37 36 50 49
34 25 14 48 21 22 42 37 36 8 41 27 49 31 16 10 30 40 32 43 47 18 26 35 9 15 28 39 29 33 17 50 12 45 13 19 23 44 46 11 20 38 1 2 3 4 5 6 7 24
8 18 43 33 46 13 47 14 16 9 45 39 29 42 17 7 5 19 40 26 28 21 22 27 30 50 2 1 23 25 34 15 36 38 20 6 24 11 32 4 3 31 35 37 49 10 12 44 48 41
29 19 15 41 20 4 49 27 13 6 5 21 23 11 32 7 17 44 33 31 45 2 42 38 9 34 18 26 30 12 14 43 39 25 36 37 3 1 46 28 48 47 10 22 24 16 35 8 40 50
3 2 1 5 4 6
43 3 1 35 9 13 5 18 41 4 33 25 50 44 11 21 30 7 46 15 47 12 8 20 42 36 2 10 49 29 14 37 22 26 19 16 32 6 23 31 38 40 17 24 27 39 45 34 28 48
44 11 3 4 26 50 46 16 25 10 1 12 28 42 34 8 2 27 14 15 18 13 29 36 48 32 49 9 31 24 6 39 20 41 17 21 43 33 45 38 19 35 22 23 30 7 40 5 47 37
28 2 34 20 25 11 19 16 27 41 9 29 17 24 42 48 1 46 45 26 39 23 22 50 5 18 33 13 3 8 44 10 40 35 36 7 21 15 37 6 32 43 14 47 31 4 12 38 49 30
49 4 45 7 13 22 15 28 29 46 44 26 50 41 39 16 19 12 35 31 48 33 24 37 42 27 5 6 17 14 1 43 25 9 23 47 3 2 38 32 40 8 18 10 20 30 36 34 21 11
14 44 6 18 8 1 25 41 21 45 37 47 3 46 2 7 34 9 50 33 39 5 30 13 10 40 22 35 19 11 36 12 48 17 24 29 49 31 42 15 32 4 27 23 43 20 26 28 38 16
11 7 6 5 12 10 4 2 1 8 3 9
14 33 36 2 7 18 39 12 1 32 8 30 44 29 26 19 27 10 35 21 42 3 46 22 45 15 47 13 23 49 38 20 41 50 24 31 17 37 40 34 28 4 48 9 5 43 16 6 11 25
22 31 16 13 28 18 23 40 30 41 8 12 32 47 4 27 25 48 35 45 43 36 11 39 29 15 21 20 49 44 3 7 5 9 34 14 17 46 19 37 26 6 24 42 1 10 33 38 2 50
23 13 6 26 40 10 8 22 37 27 28 19 7 36 46 39 1 3 35 38 42 12 21 18 41 47 43 20 5 11 33 32 50 25 24 4 44 29 31 16 9 17 49 45 30 14 15 2 34 48
33 24 21 20 7 25 34 27 32 36 40 38 12 8 6 43 16 50 1 26 5 35 30 13 3 44 48 9 45 2 47 17 29 15 28 10 31 37 39 14 49 19 22 11 46 4 23 42 18 41
42 19 11 7 40 29 30 24 12 23 18 36 43 48 45 8 5 21 13 22 39 17 4 49 32 27 47 31 1 28 6 50 14 38 44 41 15 9 16 35 37 3 34 10 25 33 20 46 26 2
19 21 39 7 26 41 35 3 23 10 34 11 46 42 4 15 47 2 12 31 32 37 27 33 20 29 18 17 9 50 25 48 1 45 14 40 8 5 38 36 28 16 44 49 24 43 22 6 13 30
9 14 36 33 17 37 4 18 43 40 6 19 21 3 22 48 32 30 11 2 28 29 10 35 12 26 13 50 47 5 49 46 8 20 27 34 16 25 42 23 7 15 38 39 41 1 44 31 45 24
14 42 7 48 28 24 13 10 16 3 44 15 31 22 50 38 39 26 41 43 4 5 6 36 49 30 25 8 33 20 1 12 40 37 9 32 18 11 29 23 35 17 46 2 27 45 19 47 21 34
13 1 14 7 8 3 5 9 11 10 6 12 2 4
12 14 2 18 20 11 13 1 15 19 3 4 7 9 16 8 17 6 5 10
14 16 15 2 13 8 5 7 12 4 6 1 3 9 10 11
1 3 2 4 5 14 15 13 11 8 6 7 9 10 12 18 16 17 22 20 19 27 21 23 24 29 33 32 37 28 30 26 35 34 31 25 36 38 39 40
7 50 27 22 45 37 40 32 41 23 47 20 4 33 26 34 15 17 29 2 42 11 39 19 43 36 49 5 1 10 18 28 16 8 44 21 6 48 25 3 24 9 38 31 30 46 13 14 35 12
36 4 49 1 48 35 37 34 29 32 25 8 24 12 3 41 14 39 30 11 17 43 22 21 50 18 10 19 16 7 15 46 13 31 2 26 6 33 38 44 40 9 28 42 5 45 23 20 47 27
25 24 23 22 21 20 19 18 17 16 15 14 11 12 13 48 47 46 45 44 43 42 41 40 39 6 5 4 3 2 1 10 9 8 7 26 27 38 37 36 35 34 33 32 31 30 29 28
1 2 3 4 5 6 7 8 9 10 11 12 13 14 15 16 17 18 19 20 21 22 23 24 25 26 27 28 29 30 31 32 33 34 35 36 37 38 39 40 41 42 43 44 45 46 47 48 49 50
21 20 19 18 13 11 12 14 17 16 15 10 9 37 7 6 5 4 3 2 45 44 43 42 29 28 27 26 22 23 24 25 48 47 46 49 50 30 36 41 40 39 38 34 35 8 33 1 31 32
39 49 23 25 30 45 15 34 12 28 50 17 35 21 22 8 2 46 14 37 16 7 36 26 5 48 38 27 6 44 10 20 40 42 41 24 31 13 4 11 19 33 47 43 9 29 3 18 1 32
16 1 24 19 9 42 25 39 37 48 46 47 4 13 44 21 3 45 33 22 15 35 26 17 7 6 32 20 14 2 34 5 43 38 41 18 27 36 31 10 40 28 30 23 29 8 11 12
16 50 41 25 11 24 44 20 22 42 48 27 1 19 17 10 35 29 39 40 2 28 7 8 36 37 43 33 6 15 45 5 9 34 18 3 13 23 47 4 32 12 38 14 49 21 30 26 46 31
2 8 27 25 34 26 29 48 24 23 28 9 36 19 33 31 47 35 40 6 16 20 21 3 7 10 12 1 42 17 37 30 13 5 18 49 44 50 38 39 43 45 41 4 46 15 22 14 32 11
5 6 1 2 16 20 23 4 22 9 44 42 10 45 24 31 36 40 28 17 34 33 19 41 35 18 13 21 3 14 30 15 43 49 27 46 37 11 39 12 7 38 48 25 8 50 47 32 29 26
6 24 13 35 23 17 2 44 3 15 4 48 31 46 29 49 1 43 26 10 40 45 34 22 47 27 39 9 19 42 14 25 38 28 11 8 32 36 20 50 21 33 7 30 5 37 18 16 12 41
17 25 39 10 32 43 49 29 48 44 28 42 16 40 27 14 30 36 46 35 5 34 6 2 31 15 26 22 18 4 45 37 38 24 19 50 23 11 9 12 20 21 47 13 41 8 1 3 7 33
5 3 2 1 4 6
7 10 23 39 6 1 19 5 31 44 16 4 24 47 15 27 38 41 33 3 14 26 46 30 18 28 37 12 22 34 9 11 17 20 48 50 40 29 2 36 43 21 8 25 49 35 45 13 42 32
7 4 8 6 11 12 10 2 3 5 1 9
15 16 17 21 22 18 19 13 12 11 14 8 7 6 9 10 5 4 1 2 3 23 24 20
42 48 4 21 44 11 32 49 17 39 46 43 8 29 28 7 23 6 20 34 30 19 25 36 15 14 37 16 31 1 33 3 24 27 22 9 13 10 2 38 41 45 47 18 26 40 5 12 50 35
16 12 40 43 38 20 41 30 8 31 10 28 22 2 1 42 3 50 7 4 23 27 32 34 11 6 36 48 9 19 13 15 46 17 47 5 26 21 25 49 24 18 44 39 35 29 37 14 45 33
50 8 10 44 49 11 48 9 4 35 5 24 41 32 36 47 20 37 45 30 43 3 15 18 13 25 28 29 19 26 40 7 38 22 33 1 6 17 16 14 21 23 2 46 39 12 34 31 27 42
20 17 33 24 34 4 40 46 9 43 45 49 25 14 42 7 23 35 5 37 12 10 39 3 28 8 36 50 18 6 32 21 26 27 2 16 29 19 11 31 22 1 48 41 44 38 47 13 15 30
20 24 23 22 35 34 33 37 36 40 39 38 46 47 48 44 45 41 42 43 30 31 32 28 29 25 26 27 14 15 16 12 13 9 10 11 3 2 1 5 4 8 7 6 19 18 17 21
42 4 29 44 39 47 2 16 43 28 49 33 3 50 14 37 8 10 19 32 17 21 11 22 31 6 1 18 12 46 9 24 13 38 41 45 5 36 20 27 7 23 34 48 15 35 26 25 40 30
21 6 20 42 13 46 10 25 16 44 15 1 48 35 31 4 28 38 18 22 43 49 5 17 40 24 41 8 19 32 3 47 14 36 45 30 23 50 9 39 2 29 33 11 7 27 26 12 37 34
1 4 6 3 5 8 2 7
29 20 32 26 7 23 21 34 9 39 50 42 11 38 15 2 1 18 4 44 36 35 41 14 30 40 49 22 45 3 13 6 46 5 31 19 16 28 37 24 17 47 12 8 43 25 27 10 33 48
6 13 3 2 1 7 10 8 11 9 4 14 5 12
38 32 10 40 14 26 45 24 28 30 48 42 43 37 31 19 22 47 49 44 41 34 25 23 3 1 6 17 20 36 13 39 29 15 8 2 46 4 35 5 33 21 11 50 9 27 12 7 16 18
5 7 8 1 2 4 3 6
2 1 4 5 6 3 7 10 11 12 9 8 16 13 14 15 18 17 19 22 23 24 21 20 28 25 26 27 30 29 31 34 35 36 33 32 40 37 38 39 42 41 43 46 47 48 45 44
47 13 29 20 33 3 10 26 2 27 4 36 28 9 23 43 34 1 16 25 15 40 46 45 49 30 5 37 44 38 12 18 7 19 32 41 6 14 8 31 42 17 35 21 24 22 48 11 50 39
15 26 2 5 22 13 19 1 14 12 11 16 9 18 21 25 7 8 24 23 3 4 17 10 20 6
1 4 2 5 3 6 8 7 9 12 10 13 16 11 15 14
20 24 23 22 27 26 25 29 28 32 31 30 43 42 41 45 44 48 47 46 38 39 40 36 37 33 34 35 14 15 16 12 13 9 10 11 3 2 1 5 4 8 7 6 19 18 17 21
9 44 14 30 27 20 36 41 22 6 26 15 19 17 12 18 3 33 42 38 28 37 46 35 45 40 1 13 16 31 8 23 2 7 25 11 39 10 47 48 34 43 21 4 5 29 32 24
1 2 27 28 29 3 4 5 30 31 32 6 7 8 33 34 35 9 10 11 36 37 38 12 13 14 39 40 41 15 16 17 42 43 44 18 19 20 45 46 47 21 22 23 48 49 25 24 50 26
42 26 27 11 23 30 19 41 29 6 24 4 46 32 44 8 31 47 49 10 39 34 36 40 20 38 50 45 1 21 7 48 3 25 18 13 2 17 33 37 22 16 14 35 15 9 28 12 43 5
29 31 32 30 27 25 26 28 21 23 24 22 19 17 18 47 48 50 49 1 3 6 8 7 39 40 38 35 33 34 36 45 13 15 16 14 11 9 10 12 5 20 44 37 4 2 42 41 43 46
27 25 6 26 22 43 3 50 5 42 15 10 20 45 19 29 17 34 8 16 37 49 24 28 9 48 32 18 44 7 40 12 35 23 41 2 4 36 13 31 46 39 11 38 33 47 14 30 21 1
24 18 37 34 11 27 50 39 4 33 9 16 48 13 2 25 3 14 6 5 22 47 23 21 20 15 32 43 40 31 44 35 7 36 10 1 41 45 12 38 42 29 26 17 49 30 28 19 8 46
1 37 10 45 19 39 25 24 50 17 47 11 22 34 32 9 44 38 40 14 46 20 15 18 42 8 43 35 3 49 12 36 16 33 4 27 23 5 26 21 41 13 28 7 29 2 31 6 30 48
3 6 8 7 5 9 1 4 2 10
27 32 15 16 22 35 47 10 41 6 21 45 18 31 48 17 50 26 9 46 34 44 33 24 2 36 43 38 20 8 13 30 11 29 1 28 19 42 5 7 25 40 3 23 14 49 4 37 39 12
4 5 3 2 7 8 13 12 10 11 9 6 1 20 21 23 22 24 19 14 15 17 16 18
45 14 23 42 31 41 48 35 15 47 16 25 32 10 5 26 24 13 2 30 27 7 28 46 21 19 39 40 29 33 3 8 12 9 38 17 18 22 4 11 34 49 44 20 6 43 37 36 1 50
9 6 34 31 38 13 4 47 28 19 3 26 14 11 43 7 41 15 48 20 45 29 2 12 35 21 46 33 39 1 27 22 10 23 36 30 37 5 8 25 40 44 24 42 16 17 32 18
19 5 7 8 12 21 1 9 17 22 2 10 3 20 14 13 4 11 18 6 15 16
33 10 9 32 42 30 48 12 23 21 46 19 24 15 14 1 36 28 22 29 49 37 11 16 47 41 25 18 34 44 27 38 26 8 5 31 7 20 3 6 17 2 50 13 45 35 39 43 4 40
28 29 24 30 27 26 23 22 21 20 13 12 11 1 2 3 25 18 14 15 17 16 19 4 5 6 7 8 9 10
10 21 26 45 20 50 25 42 2 8 47 33 13 48 23 32 30 3 36 6 22 17 49 28 31 7 14 12 24 1 19 44 4 5 27 35 34 43 41 46 18 40 29 39 16 15 38 11 9 37
15 7 16 13 6 4 14 8 2 12 1 3 10 5 11 9 17 28 18 24 30 27 25 26 19 21 20 22 29 32 23 31 33 44 34 40 46 36 38 45 48 39 47 35 42 37 43 41 50 49
7 45 8 50 30 36 49 31 48 2 32 43 16 12 29 42 24 14 34 27 28 38 4 44 21 22 23 5 39 13 20 10 41 25 33 47 35 37 15 6 46 3 40 9 11 19 1 26 17 18
38 36 31 7 27 47 5 11 2 40 39 42 4 34 35 20 48 12 8 37 41 9 29 44 17 22 33 13 32 15 50 45 24 25 23 10 18 16 26 3 46 14 28 6 1 21 49 19 30 43
33 34 30 31 29 25 26 27 28 11 10 9 8 14 13 12 7 6 5 4 3 2 19 18 17 16 15 21 20 22 23 35 36 37 38 39 40 1 24 32
43 36 35 12 16 3 26 19 42 32 29 2 11 33 44 22 1 40 46 25 17 47 9 10 49 38 4 31 45 13 7 23 34 20 39 14 8 28 15 27 6 18 30 48 41 5 24 50 37 21
10 12 35 34 5 13 15 8 25 47 1 3 30 22 19 7 4 26 18 36 42 9 28 41 49 48 29 24 37 23 40 43 21 6 46 2 45 17 11 20 33 16 14 39 38 27 44 31 32 50
1 3 2 4 6 5 7 9 8 10 12 11 13 15 14 16 18 17 19 21 20 22 24 23 25 27 26 28 30 29 31 33 32 34 36 35 37 39 38 40 42 41 43 45 44 46 48 47 49 50
22 11 10 9 13 12 16 15 14 3 2 1 5 4 8 7 6 19 18 17 21 20 24 23
34 27 40 1 50 47 8 31 7 14 24 30 20 41 33 46 36 22 10 11 48 43 25 49 42 6 9 16 15 21 44 45 13 38 37 17 2 35 18 39 28 12 5 4 26 19 32 3 23 29
21 49 35 33 38 10 8 4 29 20 22 18 36 14 30 27 1 12 25 39 9 16 34 43 17 44 24 6 5 2 37 48 42 45 41 3 28 13 50 11 47 46 32 40 15 26 19 23 7 31
1 9 8 2 4 3 5 7 6 10
35 31 14 1 2 41 45 7 6 22 32 47 30 19 23 11 34 48 39 17 18 4 28 49 27 5 9 16 50 46 26 10 3 24 44 43 37 8 20 33 29 38 13 21 36 40 42 15 12 25
12 16 15 39 40 36 35 34 33 37 4 8 7 31 32 28 29 25 26 27 14 13 9 10 11 6 5 1 2 3 30 19 18 17 21 20 24 23 22 38 43 42 41 45 44 48 47 46
35 34 33 32 31 46 47 48 18 17 16 15 14 13 12 44 45 1 2 3 4 5 6 38 37 36 30 29 28 27 42 43 11 10 9 8 7 39 40 41 26 25 24 23 22 21 20 19
6 2 3 8 5 4 1 7
21 24 41 20 46 40 50 45 34 48 39 26 35 32 30 49 3 25 42 38 2 31 43 9 29 47 4 6 5 8 27 28 37 19 44 17 18 13 33 1 14 36 23 11 7 15 12 10 22 16
24 23 22 21 20 19 18 17 16 15 14 13 12 11 10 9 8 7 6 5 4 3 2 1 25 26 27 28 29 30 31 32 33 34 35 36 37 38 39 40 41 42 43 44 45 46 47 48
3 39 26 7 42 5 15 43 47 6 25 35 48 17 45 30 10 9 11 2 18 50 41 36 46 34 12 32 1 4 13 23 40 31 37 33 20 21 16 49 8 24 38 19 44 28 27 29 14 22
5 2 3 4 1 6
37 13 35 43 40 30 29 2 16 14 31 42 36 33 45 21 22 25 17 10 7 5 4 8 41 32 26 39 23 27 11 6 34 46 3 28 20 15 9 12 1 19 18 24 44 38
13 12 11 14 15 16 17 18 19 20 21 22 23 24 25 26 27 28 29 30 10 9 8 7 6 5 4 3 2 1 31 32 33 34 35 36 37 38 39 40 41 48 47 46 45 44 43 42
27 7 17 48 49 12 39 43 30 5 50 9 13 32 34 40 18 38 28 6 45 10 20 3 46 11 1 31 14 42 21 4 33 19 22 37 2 26 15 29 36 8 35 24 44 16 41 47 25 23
24 21 14 10 12 11 46 8 4 22 16 33 37 39 50 13 44 15 35 27 7 19 9 6 42 29 48 31 32 47 45 30 38 36 5 2 17 41 25 1 3 18 28 26 34 49 40 43 20 23
18 1 26 33 41 45 6 30 40 21 7 20 43 44 10 23 42 5 12 48 46 50 11 37 22 38 19 39 25 14 24 8 49 28 2 3 4 47 16 9 32 36 15 34 27 35 17 31 13 29
3 2 1 4
21 2 14 13 26 17 9 18 23 25 24 5 10 12 15 1 4 19 16 7 3 6 11 8 22 20
15 30 41 44 22 9 3 46 36 28 17 29 39 5 43 38 50 45 10 19 32 25 49 24 35 31 42 12 6 34 14 20 23 2 33 18 8 37 16 11 47 48 7 27 21 4 13 1 26 40
1 8 42 16 33 3 5 4 26 11 15 24 35 37 44 28 36 29 45 32 39 6 40 22 46 31 34 7 43 17 41 47 9 21 12 14 10 50 13 48 49 30 20 18 25 23 2 38 19 27
4 27 12 25 20 32 3 19 45 39 10 49 16 21 5 29 40 44 18 33 17 30 7 8 23 34 42 13 6 35 26 37 14 28 2 43 11 46 1 22 50 48 24 38 31 15 9 47 41 36
26 11 50 13 16 41 7 40 10 34 20 33 37 43 38 2 4 1 21 6 36 47 18 3 32 44 24 45 17 5 22 30 42 48 12 19 39 28 31 29 25 15 46 23 49 27 9 14 35 8
50 35 1 20 9 44 46 38 4 15 23 6 30 27 40 28 36 17 29 21 10 2 32 33 16 34 5 14 24 49 19 18 8 22 11 31 12 39 25 42 43 7 26 41 3 48 13 47 45 37
26 24 22 47 43 48 13 9 17 46 33 44 6 16 18 38 31 39 4 42 34 41 19 12 8 40 11 3 5 37 50 45 10 25 20 28 27 15 21 1 36 35 49 14 2 30 29 32 7 23
42 41 45 44 48 1 2 3 38 43 27 22 23 24 20 21 17 18 19 14 15 16 12 13 9 10 11 6 5 4 8 7 34 33 37 36 40 39 26 25 29 28 32 31 30 35 46 47
23 10 5 25 2 15 6 12 21 22 18 20 14 13 17 4 1 7 3 16 8 11 19 9 26 24
1 2 5 6 7 4 3 8 11 9 13 14 15 12 10 16 19 17 21 22 23 20 18 24 27 25 29 30 31 28 26 32 35 33 37 38 39 36 34 40 43 41 45 46 47 44 42 48
7 8 1 17 14 16 18 11 10 4 5 6 13 2 9 3 15 12
15 6 40 25 43 21 22 49 14 31 37 44 18 11 45 32 9 24 12 42 26 5 48 2 41 28 19 23 16 35 30 8 1 20 13 47 17 29 7 27 46 33 4 34 38 36 39 10 50 3
14 33 27 38 20 21 17 45 28 4 9 1 10 42 25 23 32 24 29 12 13 11 16 7 8 2 3 35 31 44 39 40 36 43 34 50 49 48 46 47 37 41 19 22 15 26 18 30 5 6
7 8 9 39 38 37 11 10 40 41 42 6 5 43 44 45 3 4 46 47 1 2 35 36 12 13 14 34 16 15 33 32 31 17 18 30 29 19 20 21 27 28 22 26 25 23 24 48
49 1 31 15 5 4 38 7 10 20 27 47 29 42 23 25 12 18 17 6 14 21 26 46 24 44 8 43 33 45 9 34 37 39 36 28 3 35 16 2 50 41 32 13 19 40 11 30 48 22
19 1 49 6 5 48 3 2 12 7 8 37 21 16 10 15 17 14 4 9 18 23 22 11 13 20 30 24 25 26 27 46 31 38 35 33 29 28 39 40 42 32 34 50 41 44 43 45 36 47
1 5 3 4 2 6
27 26 12 44 15 1 25 22 45 13 32 33 4 29 30 5 3 11 14 35 16 24 2 21 10 40 7 23 49 48 18 38 42 31 46 50 28 43 6 47 39 8 37 9 34 41 19 20 36 17
1 8 5 4 2 3 7 6
45 44 43 42 41 40 39 38 37 36 35 34 33 32 31 30 29 28 27 26 25 24 23 22 21 20 19 18 17 16 15 14 13 12 11 10 9 8 7 6 5 4 3 49 48 47 46 1 2 50
12 1 18 26 4 33 13 35 20 11 15 8 21 27 29 22 10 25 30 7 34 28 3 19 16 32 31 14 24 23 5 9 36 6 2 17
25 18 38 4 26 36 29 3 23 10 13 16 2 19 8 32 15 33 1 24 44 34 46 5 12 11 17 40 30 35 6 21 22 43 39 47 14 20 45 7 31 27 28 9 42 37 48 41
29 17 30 5 42 11 22 31 27 21 16 45 12 39 10 35 34 49 40 7 1 8 37 18 19 38 15 24 23 33 6 41 4 2 44 28 13 9 48 50 43 46 14 20 26 3 47 32 25 36
1 11 10 9 8 7 14 15 5 6 12 13 2 3 4 18 17 16
4 49 50 43 30 36 39 42 15 37 34 45 46 18 47 48 32 41 38 44 33 29 28 27 26 11 14 17 22 31 35 19 21 24 16 2 7 13 20 23 12 8 3 1 6 5 10 9 40 25
47 8 9 20 37 2 30 27 49 22 19 10 26 32 17 40 33 36 15 1 5 25 46 43 39 28 3 18 29 50 44 11 12 21 34 23 16 48 31 24 7 4 14 6 45 35 41 42 13 38
2 49 1 28 8 25 42 22 34 6 40 15 30 5 36 19 31 48 7 50 13 32 44 14 43 23 46 18 33 10 4 39 3 9 16 27 41 12 29 24 45 37 17 26 20 35 21 11 38 47
18 20 28 4 33 1 45 23 30 13 25 8 6 46 37 14 26 22 27 15 3 12 11 21 5 9 17 7 19 10 44 24 36 42 35 29 40 32 16 41 43 34 31 2 38 39
43 30 46 8 6 20 17 18 33 7 4 22 13 2 31 41 3 39 16 45 29 19 21 9 32 34 38 24 10 11 37 23 27 5 35 42 26 1 36 14 44 40 25 15 28 12
35 29 45 28 23 14 44 20 3 9 26 27 10 16 13 21 40 43 47 41 33 6 18 17 12 8 19 31 7 1 2 37 36 5 4 22 24 15 34 32 11 30 39 48 25 42 49 46 50 38
45 48 8 32 26 14 11 30 6 19 37 47 36 38 42 44 27 16 20 18 10 28 49 34 25 15 4 2 5 24 39 50 3 33 41 9 21 17 35 29 7 1 31 46 12 23 43 13 40 22
20 14 13 17 4 1 7 24 26 9 19 11 8 3 16 18 22 21 12 5 25 2 15 6 23 10
16 1 10 21 15 13 26 29 18 5 2 24 30 19 7 12 9 4 6 8 25 23 22 17 28 20 27 11 14 3
35 34 36 25 27 26 16 18 17 7 9 8 2 3 1 12 11 10 20 21 19 29 30 28 39 37 38 41 40 42 31 33 32 22 24 23 13 15 14 4 6 5 43 44
11 50 23 22 2 9 43 40 35 12 32 36 8 29 34 1 10 42 26 3 44 24 14 25 17 39 45 13 49 48 37 20 38 30 31 18 5 15 4 33 7 21 47 27 46 16 19 28 41 6
14 10 13 33 3 44 29 41 31 35 32 22 9 40 30 1 8 45 16 19 24 17 37 21 48 34 28 50 15 2 18 7 36 4 46 43 25 49 6 11 26 38 20 27 39 5 42 23 12 47
35 21 6 4 32 48 40 39 17 8 44 43 47 49 12 5 22 29 7 20 14 41 31 26 24 28 33 30 42 23 11 25 19 9 1 15 3 38 27 45 50 16 13 34 18 10 2 36 46 37
22 39 13 47 9 16 37 2 4 48 49 33 7 18 15 28 50 35 31 27 11 30 21 36 44 32 12 10 29 26 20 45 42 41 8 34 23 14 38 3 43 19 40 5 6 46 25 1 24 17
11 6 5 23 43 44 34 49 50 10 12 26 25 47 46 45 14 13 48 7 2 1 3 33 9 35 36 18 32 31 30 27 42 41 40 39 38 37 28 29 22 4 24 21 17 16 8 19 20 15
14 41 12 47 16 4 26 29 13 34 9 46 36 30 27 5 19 38 20 32 23 50 48 42 35 33 28 3 43 21 15 2 11 39 7 49 22 18 10 24 8 37 44 1 25 40 17 45 31 6
13 26 25 31 46 14 36 32 20 35 21 24 29 18 11 8 38 2 5 37 42 34 16 1 7 23 17 28 41 10 40 33 15 9 27 4 44 30 3 43 19 47 12 22 6 39 48 45
24 17 5 4 3 2 1 8 7 6 23 22 18 19 20 21 25 9 13 12 11 10 14 15 16 42 43 44 45 46 47 48 41 33 40 39 38 34 35 36 37 29 28 27 26 30 31 32
6 27 1 28 12 20 23 18 9 13 17 25 15 3 30 24 10 29 32 16 31 26 2 7 11 14 22 8 5 21 19 4
20 13 19 32 38 30 25 45 47 42 4 1 2 27 34 31 18 6 22 29 39 28 15 8 10 41 43 36 23 11 21 26 16 9 12 35 37 33 24 14 17 40 48 44 7 3 5 46 49 50
1 3 5 4 7 2 8 6 9 12 14 10 11 16 13 15
12 2 5 20 8 24 4 13 23 26 6 25 7 11 16 19 21 17 18 3 10 14 9 15 22 1
