1 2 7 6 5 4 3 8
9 10 5 1 2 7 3 4 6 8
26 21 8 14 22 17 44 13 29 43 35 37 28 23 41 15 47 3 25 1 7 6 38 31 40 32 18 36 33 11 24 45 2 19 5 10 48 4 9 39 12 42 27 16 20 46 34 30
17 47 27 30 25 31 48 19 28 42 41 7 16 5 45 18 8 32 44 35 15 34 39 21 33 20 11 49 3 24 1 37 2 40 9 26 43 13 23 12 46 22 38 6 50 10 14 36 4 29
6 7 4 3 1 2 5 8 11 10 9 12 13 15 14 16 17 20 18 19 21 24 22 23 25 27 26 29 32 30 28 31 33 35 38 36 34 37 39 40 42 41 43 45 48 46 44 47 49 50
23 37 14 18 31 38 29 47 8 17 35 2 4 39 30 15 6 26 21 16 25 50 41 43 44 9 42 40 48 45 11 13 19 7 12 20 1 46 24 33 36 34 5 10 27 28 3 32 22 49
39 2 38 44 37 8 26 49 23 6 4 29 32 25 18 27 5 41 14 28 45 16 12 22 43 19 47 46 30 1 7 34 17 24 31 40 9 10 48 3 35 36 21 11 13 42 50 20 15 33
3 34 25 15 10 49 40 38 8 31 9 32 46 33 2 1 41 19 20 6 48 23 18 11 14 22 45 7 42 17 50 47 28 12 35 30 26 36 16 24 4 37 13 29 44 43 27 21 5 39
7 3 8 16 15 21 1 9 20 22 2 10 5 12 17 18 4 11 6 14 13 19
35 39 36 32 31 38 40 33 37 34 17 16 15 13 11 12 19 14 18 20 45 41 47 42 44 49 46 50 43 48 22 25 28 23 29 26 24 27 21 1 6 4 5 7 3 2 9 8 10 30
3 2 6 1 5 4
3 2 1 4 5 8 7 6 11 22 23 24 21 20 17 18 19 14 15 16 13 12 9 10
14 5 10 3 18 4 2 1 15 12 11 6 7 9 8 28 13 33 19 36 30 39 31 48 43 45 44 49 50 23 24 21 22 16 47 37 27 42 29 40 38 46 35 34 41 32 25 26 17 20
36 37 39 14 15 16 40 41 43 18 19 20 9 8 7 24 13 3 4 6 17 25 26 46 34 49 48 27 38 28 29 31 42 44 45 47 22 23 2 21 1 5 12 11 10 35 33 32 30 50
17 16 35 44 19 48 2 30 13 12 38 31 14 25 22 40 37 15 7 41 23 45 50 9 42 26 28 20 47 18 24 39 27 34 4 49 3 5 1 29 10 32 11 33 8 46 6 36 43 21
20 48 24 37 38 29 5 43 18 32 15 28 2 34 4 46 21 25 1 6 13 17 39 10 35 26 22 36 16 40 11 9 33 23 47 30 44 8 3 19 27 31 7 14 41 12 45 42 50 49
6 7 13 18 14 15 4 5 8 9 1 11 17 10 3 12 20 19 2 16
8 33 24 1 2 34 13 41 38 40 23 15 16 12 4 9 20 11 19 6 37 7 21 48 28 29 5 26 47 22 17 45 3 42 43 44 18 14 31 27 35 32 39 25 10 30 36 46
48 34 47 30 20 49 13 46 14 26 18 43 10 41 5 38 7 27 11 39 25 40 24 44 12 33 3 23 17 4 1 2 32 45 42 16 28 35 8 37 29 9 31 50 15 22 19 21 6 36
1 28 11 29 25 50 4 31 5 48 47 12 41 13 27 16 32 37 18 36 2 44 30 43 40 26 9 8 22 45 7 24 35 21 19 33 20 14 42 49 15 34 39 17 3 6 46 10 23 38
31 8 24 21 1 46 10 13 26 28 3 39 34 23 22 47 42 14 19 37 38 44 2 40 48 17 9 20 7 32 49 27 50 15 4 45 18 29 43 6 25 30 41 36 33 11 16 35 5 12
2 11 17 23 37 15 27 14 20 33 4 5 19 10 35 9 40 6 38 32 3 21 18 29 22 1 13 25 34 30 26 12 16 8 31 36 7 28 39 24
43 32 25 30 9 12 46 33 24 50 27 23 44 42 21 1 14 17 2 49 6 16 41 20 18 47 5 10 29 31 36 28 39 45 15 37 8 48 13 4 40 3 22 34 26 35 38 11 19 7
45 10 25 20 3 35 34 29 39 18 49 43 33 41 9 7 28 13 40 22 15 16 14 44 5 11 30 48 17 2 21 6 31 36 1 50 19 32 24 37 8 42 26 12 27 46 47 4 23 38
32 41 49 23 48 26 44 15 24 3 46 28 5 1 9 42 25 36 2 12 29 6 19 11 33 39 34 22 35 31 7 17 47 30 27 20 10 16 4 38 37 43 40 21 13 14 50 45 18 8
22 40 50 45 15 46 44 6 21 27 1 10 35 43 12 24 38 49 23 37 34 18 8 25 39 13 36 4 42 17 47 41 20 32 30 29 7 5 16 28 14 9 33 31 2 48 26 11 19 3
10 45 44 25 30 19 42 27 49 18 9 34 40 33 13 46 5 16 32 7 39 3 14 22 11 29 23 2 17 43 6 41 36 31 47 15 26 35 20 28 24 4 21 37 12 1 8 38 50 48
1 8 7 6 2 3 4 5 17 24 23 22 18 19 20 21 33 40 39 38 34 35 36 37 9 16 15 14 10 11 12 13 25 32 31 30 26 27 28 29 41 45 44 43 42 46 48 47
1 26 2 27 3 28 4 29 5 30 6 31 7 32 8 33 9 34 10 35 11 36 37 38 13 12 14 39 15 40 16 41 17 42 18 43 19 44 20 45 21 46 22 47 23 48 24 49 25 50
6 33 13 38 16 40 45 1 9 30 11 42 17 37 47 15 7 50 5 21 32 20 12 27 10 14 22 43 24 31 23 28 19 34 46 3 41 49 36 2 4 48 25 8 35 39 29 18 44 26
4 15 13 28 2 46 25 22 49 29 10 1 30 3 23 7 39 20 24 6 50 8 16 42 17 33 45 40 37 18 41 35 9 27 36 43 32 34 47 48 21 31 44 38 26 11 5 19 14 12
20 8 10 21 44 43 48 49 6 2 16 12 27 23 22 37 11 26 31 41 29 50 5 1 46 28 14 36 33 47 30 25 32 38 7 13 19 3 42 18 15 45 40 4 9 35 24 17 34 39
12 32 18 48 11 27 3 29 24 33 41 7 20 30 25 16 46 6 22 15 43 35 50 42 31 1 37 21 34 28 8 5 14 10 49 23 26 2 36 47 9 4 38 17 39 13 40 45 19 44
7 6 4 15 2 8 1 12 17 3 10 19 14 9 11 16 20 5 13 18
4 27 26 25 24 23 48 47 46 22 21 20 45 44 43 19 18 17 42 41 40 16 15 14 39 38 37 13 12 11 36 35 34 10 9 8 33 32 31 7 6 5 30 29 28 3 2 1 50 49
22 28 29 3 48 2 31 30 6 5 4 47 41 42 15 14 39 43 18 19 40 34 16 17 44 45 46 13 9 8 32 33 7 1 37 36 24 23 38 26 25 20 21 35 27 12 11 10 49 50
1 27 4 26 5 29 9 31 20 49 17 35 3 33 12 34 8 30 6 28 7 21 22 42 32 11 16 36 10 39 14 37 18 41 2 38 40 43 25 50 19 15 45 48 24 46 13 44 23 47
28 43 31 25 27 35 49 26 19 1 34 22 50 6 46 39 17 40 44 23 7 10 30 21 45 11 47 33 41 12 16 18 13 37 48 24 14 3 8 2 20 38 9 15 4 32 29 42 36 5
31 27 1 3 2 26 29 28 4 5 6 30 33 32 8 7 10 34 35 36 12 9 11 37 39 38 14 13 16 40 41 42 18 15 17 43 45 44 20 19 22 46 47 48 24 21 23 49 50 25
33 34 15 10 42 14 43 24 11 18 20 27 9 23 8 12 19 7 36 29 45 47 2 4 46 48 26 32 16 17 30 44 21 31 28 50 3 22 37 5 38 1 25 35 41 49 13 6 39 40
45 9 19 3 46 37 20 11 34 1 4 44 36 49 16 27 43 14 28 6 18 22 21 39 2 42 38 12 41 48 17 7 32 23 50 25 26 35 15 31 8 40 33 5 30 24 47 10 13 29
1 26 2 27 3 28 4 29 5 30 6 31 7 32 8 33 9 34 10 35 11 36 12 37 15 14 13 38 39 40 16 41 17 42 18 43 19 44 20 45 21 46 22 47 23 48 24 49 25 50
22 23 27 25 28 24 26 29 21 4 2 5 6 7 3 10 8 1 9 31 32 38 37 39 40 34 36 33 35 48 46 42 47 45 49 50 41 43 44 17 14 11 16 12 13 15 19 20 18 30
46 7 18 45 28 35 17 15 8 42 5 16 3 48 32 1 4 12 2 31 37 27 39 13 36 24 38 43 11 26 49 21 14 44 6 9 22 25 50 19 34 47 29 20 23 41 40 33 30 10
33 12 22 19 32 6 36 30 15 29 50 1 24 23 7 45 8 48 26 41 28 18 3 9 38 31 43 40 49 46 13 39 2 5 25 20 17 35 16 14 34 4 44 21 10 47 37 27 11 42
9 7 16 3 4 1 11 13 6 15 14 8 10 5 2 12
17 2 28 11 39 7 22 5 31 34 19 41 14 45 40 30 32 42 10 46 35 8 49 16 21 25 27 23 33 15 48 38 36 6 20 12 9 37 43 3 1 13 47 50 44 4 24 18 29 26
7 3 48 36 8 40 15 19 17 35 10 47 5 2 23 41 4 22 25 50 31 43 21 18 9 16 6 11 30 38 37 26 24 13 32 29 20 49 33 42 1 12 45 44 28 14 46 27 39 34
28 4 29 8 31 1 6 9 22 13 48 38 45 42 46 39 44 40 50 32 25 24 35 21 3 12 33 34 17 15 16 49 20 14 27 43 26 11 5 47 7 10 19 36 37 2 18 23 30 41
20 1 40 23 24 4 9 2 35 29 31 3 13 12 34 30 39 15 18 17 26 33 19 6 7 25 22 32 14 8 16 37 38 27 5 10 11 28 21 36
10 34 31 9 42 23 47 21 32 43 29 12 5 16 1 49 7 14 38 28 4 45 46 41 8 25 44 11 24 48 15 6 17 36 3 39 19 33 40 18 2 22 37 35 27 26 30 50 13 20
17 46 10 19 18 28 4 26 15 27 36 21 50 39 23 31 12 47 40 7 48 22 45 20 13 38 8 11 24 43 37 42 1 25 32 35 5 29 44 3 9 30 2 41 16 14 6 34 49 33
39 12 13 14 38 33 50 1 2 3 49 45 42 34 18 17 16 35 21 22 23 24 25 26 27 28 29 30 31 20 19 32 40 11 10 41 48 4 47 43 9 8 44 7 6 5 46 37 15 36
41 25 11 2 26 36 50 49 5 8 22 7 39 15 43 38 44 35 19 30 24 33 40 46 37 31 23 17 42 4 10 27 29 1 45 28 18 14 34 6 12 13 16 21 9 32 20 3 48 47
34 45 9 47 16 31 20 2 11 38 33 19 36 6 40 13 46 12 50 10 1 28 4 17 48 32 5 22 15 26 39 7 18 44 42 29 3 21 43 25 35 27 41 8 49 23 37 24 30 14
11 10 5 8 4 3 12 1 7 9 2 6
26 17 15 7 27 46 24 5 10 8 3 35 6 2 30 42 21 23 36 9 4 20 33 48 45 49 19 34 50 1 32 47 18 29 12 41 44 40 22 39 13 38 11 25 14 43 37 16 28 31
9 4 2 29 24 34 36 25 19 35 1 20 3 27 45 14 48 6 10 43 8 16 41 46 22 39 23 28 33 44 47 17 21 11 38 12 42 30 32 49 13 15 18 5 50 37 31 7 40 26
16 43 50 24 37 2 25 46 35 15 48 42 9 40 12 27 45 11 22 7 28 41 31 36 30 29 14 47 18 39 32 38 26 4 19 44 10 3 34 6 33 20 8 13 49 17 5 1 23 21
5 18 24 20 17 7 16 14 22 2 12 9 21 19 1 10 6 23 3 4 11 15 13 8
25 28 37 14 31 18 40 4 32 27 30 11 34 38 16 42 48 2 13 43 33 45 5 24 9 44 36 6 41 39 26 15 10 17 8 21 22 1 46 3 12 29 35 20 47 23 7 19
3 6 1 2 8 5 4 11 14 13 18 15 16 7 12 9 10 25 26 23 22 21 24 19 20 17 41 40 39 42 37 38 35 34 33 36 31 32 29 28 27 30 44 43 48 45 46 47
5 8 26 3 12 23 50 39 25 49 31 35 15 27 30 37 45 40 19 17 48 16 43 36 11 2 46 33 6 14 1 32 24 13 41 34 44 42 10 20 38 28 29 9 4 47 18 21 22 7
17 25 44 7 3 4 10 37 18 47 24 14 6 16 19 49 42 29 23 20 1 8 27 46 50 22 12 15 40 13 41 48 26 28 11 2 9 5 38 34 43 32 31 36 35 33 21 39 45 30
1 2 3 4 5 6 7 8 9 10 11 12 13 14 15 16 17 18 19 20 21 22 23 24 25 26 27 28 29 30 31 32 33 34 35 36 37 38 39 40 41 42 43 44 45 46 47 48 49 50
11 26 8 13 10 17 6 9 15 16 1 19 21 4 5 20 25 7 14 3 12 24 22 2 18 23
26 38 28 3 2 13 45 47 39 10 11 16 42 29 34 4 17 43 27 50 5 12 21 44 41 46 6 14 18 35 36 33 22 20 9 31 15 23 32 30 49 7 24 19 37 40 48 8 1 25
3 10 34 31 39 9 2 8 37 32 36 6 1 5 35 33 38 4 7 30 23 28 24 25 29 22 26 21 27 40 19 12 16 46 42 45 13 14 18 44 41 43 15 11 17 47 48 49 20 50
27 13 15 22 36 48 21 11 26 28 1 10 30 42 16 9 8 41 35 38 32 33 5 14 39 49 50 19 17 12 29 20 40 46 23 45 47 25 4 44 34 7 24 3 2 18 37 31 6 43
45 37 39 49 29 26 25 28 22 6 24 43 33 5 17 9 21 1 40 10 35 38 4 15 30 48 8 44 46 7 2 18 41 50 34 16 27 20 31 3 32 23 42 11 19 12 36 14 13 47
2 14 27 35 38 32 43 23 25 39 11 5 41 10 18 50 7 9 42 12 26 36 34 31 40 37 13 16 46 6 22 21 30 24 49 19 17 48 20 15 33 44 1 3 28 45 8 29 4 47
27 50 25 40 39 29 10 14 2 36 37 41 9 20 32 1 21 35 5 11 49 38 8 15 26 17 23 30 24 3 12 22 28 13 7 45 44 31 6 16 34 43 47 4 19 48 46 33 18 42
29 4 14 48 50 11 6 22 40 49 12 24 45 8 5 41 17 33 19 2 16 34 15 42 43 28 26 21 36 38 23 18 30 13 7 44 1 35 32 37 27 39 47 10 3 25 46 31 9 20
11 10 36 6 25 14 21 15 43 18 26 33 45 41 1 38 39 31 30 20 29 9 4 3 13 8 40 2 22 27 5 16 19 17 37 34 46 49 47 23 35 12 32 44 28 50 42 24 48 7
6 39 40 7 24 35 27 48 13 8 36 25 32 29 44 16 30 22 19 15 28 20 47 9 31 43 50 4 49 14 26 2 33 5 21 17 42 12 3 46 18 38 37 10 11 34 1 41 45 23
2 4 6 3 5 1
25 1 8 13 23 7 2 9 16 27 19 4 28 15 12 11 17 22 14 18 3 26 24 30 5 10 21 29 20 6
20 10 28 27 4 43 6 47 19 50 30 26 5 44 38 21 41 45 12 34 33 1 14 22 42 11 2 40 7 9 8 29 36 39 16 25 24 3 23 31 32 49 17 15 48 46 13 37 18 35
1 2 3 4 5 6 7 8 9 10 11 12 13 14 15 16 17 18 19 20 21 22 23 24 25 26 27 28 29 30 31 32 33 34 35 36 37 38 39 40 41 42 43 44 45 46 47 48 49 50
18 16 17 19 12 20 14 21 9 24 13 30 7 32 6 28 11 26 15 22 10 27 1 25 8 29 5 23 4 31 3 34 2 33
4 10 7 12 1 11 9 6 8 2 5 3
22 28 25 23 24 21 19 18 10 16 15 17 20 14 13 11 12 9 7 8 2 6 5 3 4 1 47 46 45 43 44 41 39 40 34 38 37 35 36 33 31 32 26 27 29 30 48 42
49 48 47 46 45 44 43 42 41 40 39 38 37 36 35 34 33 32 31 30 29 28 27 26 25 24 23 22 21 20 19 18 17 16 15 14 13 12 11 10 9 8 7 6 5 4 3 2 1 50
8 34 46 30 23 6 11 1 18 40 38 25 7 13 44 33 42 36 50 4 9 24 21 22 49 20 3 28 2 16 27 48 10 37 5 14 19 45 26 47 12 43 31 35 29 39 17 32 41 15
2 9 4 3 16 1 14 17 20 19 12 6 18 11 13 8 5 7 10 15
47 8 9 20 37 2 30 27 49 22 19 10 26 32 17 40 33 36 15 1 5 25 46 43 39 28 3 18 29 50 44 11 12 21 34 23 16 48 31 24 7 4 14 6 45 35 41 42 13 38
23 8 32 9 13 24 22 1 6 4 29 49 19 3 45 30 5 43 2 34 12 33 47 41 38 50 31 17 25 44 46 48 10 16 39 36 14 42 27 20 7 26 15 28 37 35 18 21 11 40
47 17 12 42 29 28 34 40 24 37 9 36 30 23 25 48 43 21 39 20 49 35 41 33 4 11 5 46 18 15 16 26 3 44 8 22 50 6 32 31 45 1 19 27 38 10 14 7 13 2
29 1 28 22 4 45 38 50 9 33 35 20 17 27 15 25 10 43 41 49 6 19 3 13 48 7 42 8 5 32 40 2 46 39 11 47 31 14 44 26 24 37 34 36 16 12 18 30 21 23
45 4 44 37 7 5 40 30 21 22 35 28 42 3 17 31 14 32 8 23 43 11 15 20 24 38 41 2 13 33 26 9 16 46 10 19 25 36 29 6 34 27 12 39 1 18
25 31 35 12 24 3 23 8 37 21 39 17 28 2 40 18 13 14 16 26 42 20 36 33 9 6 11 10 38 29 34 7 22 1 41 32 4 19 27 30 5 15
21 22 30 29 23 24 49 50 40 39 9 10 11 12 5 6 46 19 20 32 31 34 33 16 15 17 41 38 37 43 44 8 7 45 48 4 3 36 35 2 1 14 13 18 47 42 26 25 27 28
11 29 10 6 36 5 1 47 23 28 25 37 16 4 35 17 24 20 40 14 27 18 12 39 21 38 33 22 49 46 48 41 7 34 3 43 31 50 42 44 8 32 13 45 15 9 26 30 19 2
1 2 3 4 5 6 7 8 9 10 11 22 21 20 23 24 25 26 27 14 13 12 15 16 17 18 19 30 29 28 31 32 33 34 35 46 47 48 45 44 40 41 42 43 38 39 37 36 50 49
37 42 22 21 48 14 25 34 36 8 41 27 49 31 16 10 30 40 32 43 47 18 26 35 9 15 28 39 29 33 17 50 12 45 13 19 23 44 46 11 20 38 1 2 3 4 5 6 7 24
1 2 50 30 23 25 34 15 36 38 17 7 5 19 40 26 28 21 22 27 6 20 42 29 39 45 9 16 14 47 13 46 33 43 18 8 24 11 32 4 3 31 35 37 49 10 12 44 48 41
29 19 15 41 20 4 49 27 13 6 5 21 23 11 32 7 17 44 33 31 45 2 42 38 9 34 18 26 30 12 14 43 39 25 36 37 3 1 46 28 48 47 10 22 24 16 35 8 40 50
3 2 1 5 4 6
7 30 21 11 44 50 25 33 4 41 18 5 13 9 35 1 3 43 20 42 36 2 10 49 29 14 37 22 26 19 16 32 6 23 31 38 40 17 24 27 46 15 47 12 8 39 45 34 28 48
44 11 3 4 26 50 46 16 25 10 1 12 28 42 34 8 2 27 14 15 18 13 29 36 48 32 49 9 31 24 6 39 20 41 17 21 43 33 45 38 19 35 22 23 30 7 40 5 47 37
