10 35 36 46 1 11 44 8 3 13 33 28 18 32 6 37 15 21 7 20 25 34 2 39 26 42 48 24 17 29 30 40 49 38 12 4 31 47 14 43 45 41 9 27 19 16 5 50 23 22
1 50 37 24 17 6 35 12 46 43 26 44 5 20 10 32 38 2 3 47 23 9 21 11 27 42 34 36 30 39 41 29 19 16 33 48 31 8 18 28 15 22 13 7 45 4 25 14 49 40
19 35 38 16 43 20 26 28 47 37 45 21 13 3 46 2 14 17 48 12 36 11 33 31 42 25 1 34 9 6 44 8 18 15 32 4 50 30 5 39 41 24 29 49 22 7 10 40 27 23
11 7 6 5 12 10 4 2 1 8 3 9
19 46 9 43 5 25 13 23 12 6 11 8 20 38 49 24 50 41 32 31 34 33 2 3 40 4 35 28 1 22 14 17 37 7 42 21 44 39 18 48 26 29 36 10 27 47 15 45 16 30
32 47 1 42 38 10 33 17 46 19 30 40 13 28 48 35 12 5 50 2 25 27 4 37 26 34 9 18 21 20 49 44 41 8 6 24 3 7 14 16 31 22 15 29 39 11 36 43 45 23
21 19 7 37 43 35 1 3 39 41 2 8 10 40 26 24 6 13 49 47 36 18 20 12 42 34 48 5 11 33 32 46 23 15 4 38 29 31 25 17 9 44 45 30 14 16 22 27 28 50
3 15 29 17 47 2 34 25 23 42 43 44 48 9 12 36 50 16 4 46 11 13 6 8 30 35 5 21 20 7 31 37 39 40 38 14 45 22 10 28 27 32 1 19 49 18 41 33 24 26
26 23 27 32 49 2 17 6 19 42 34 3 37 35 16 9 15 4 5 43 36 24 30 29 40 7 11 10 25 47 31 50 14 8 45 48 46 20 33 12 21 13 1 28 18 41 39 22 38 44
38 36 34 11 48 1 13 22 6 32 37 30 47 42 4 15 7 26 41 35 3 10 23 28 16 31 12 2 20 33 27 29 18 44 46 24 49 5 8 40 17 9 50 25 14 45 39 21 19 43
1 44 31 49 5 47 7 23 25 36 2 28 40 43 20 24 45 29 10 35 12 42 46 8 30 11 26 13 21 19 33 17 9 14 27 34 16 15 39 41 37 4 18 50 3 22 6 38 48 32
44 14 42 7 48 28 24 1 20 43 4 5 46 2 15 31 22 34 29 27 45 19 16 10 13 36 49 30 25 47 21 41 8 23 35 17 12 40 37 3 6 11 33 9 32 18 50 38 39 26
13 1 14 7 8 3 5 9 11 10 6 12 2 4
20 11 2 18 10 5 6 14 1 13 17 8 16 9 7 4 3 19 15 12
2 15 16 13 8 6 14 5 7 12 4 1 3 9 10 11
1 3 2 4 5 14 15 13 11 8 6 7 9 10 12 18 16 17 22 20 19 27 21 23 24 29 33 32 37 28 30 26 35 34 31 25 36 38 39 40
41 23 32 47 20 4 29 2 12 35 14 13 46 30 31 38 9 24 3 25 48 6 21 44 8 28 16 49 36 43 19 39 11 42 1 18 10 5 34 33 26 15 17 40 37 45 22 27 50 7
43 17 24 12 42 39 14 41 35 48 1 27 2 45 23 3 40 44 11 21 50 18 10 19 16 7 22 30 20 47 37 34 38 33 26 6 49 5 29 32 25 8 9 28 15 46 13 31 4 36
48 47 46 45 44 43 42 41 40 39 38 37 36 35 34 33 32 31 30 29 28 27 22 21 20 19 18 17 16 15 14 13 12 11 10 9 8 7 6 5 4 3 2 1 23 24 25 26
1 2 3 4 5 6 7 8 9 10 11 12 13 14 15 16 17 18 19 20 21 22 23 24 25 26 27 28 29 30 31 32 33 34 35 36 37 38 39 40 41 42 43 44 45 46 47 48 49 50
37 7 5 3 2 30 6 48 49 46 47 42 41 8 39 40 36 35 34 38 33 32 31 1 29 28 27 26 25 24 23 22 21 20 19 18 13 12 11 15 17 16 14 10 9 4 43 44 45 50
32 1 18 12 28 42 3 43 31 23 11 49 39 10 44 6 27 15 25 30 45 7 16 37 46 14 47 33 19 29 9 34 26 36 38 48 5 20 41 24 4 13 40 2 8 22 21 35 17 50
5 34 2 14 43 20 32 6 7 17 26 35 15 33 22 3 45 21 44 4 13 46 48 47 39 37 25 42 9 19 24 16 1 27 36 31 10 18 41 38 40 28 30 23 29 8 11 12
24 43 37 27 1 19 17 10 35 26 46 8 23 30 21 49 14 31 3 20 22 38 12 32 4 47 13 2 28 42 48 36 25 11 45 5 9 34 18 44 29 39 40 41 50 16 7 33 6 15
34 25 27 8 2 11 32 18 49 50 38 26 29 48 24 33 19 36 14 22 15 46 44 43 39 35 47 31 5 4 17 37 30 13 6 40 12 10 9 45 41 42 23 28 1 7 3 21 20 16
48 34 10 45 31 20 30 1 29 26 9 44 8 50 47 41 19 33 35 37 11 49 46 27 43 25 17 4 22 12 39 3 23 13 21 14 7 32 42 24 16 36 38 6 5 15 40 28 18 2
19 14 42 39 49 29 46 2 44 20 9 3 18 37 12 16 1 43 8 11 25 45 40 10 26 13 35 5 36 24 50 32 28 38 34 22 7 30 17 21 33 47 23 41 6 31 48 4 15 27
17 33 36 28 42 14 10 39 25 44 31 2 15 26 50 23 11 12 9 22 18 4 16 40 27 48 29 49 43 32 30 3 1 7 6 34 5 20 21 47 13 41 8 46 35 45 37 38 24 19
2 1 4 6 3 5
13 45 35 49 25 8 21 43 36 2 29 40 50 48 20 17 32 42 7 10 23 39 6 1 19 5 31 44 16 4 24 47 15 27 38 41 33 3 14 26 46 30 18 28 37 12 22 34 9 11
7 4 8 6 11 12 10 2 3 5 1 9
15 16 17 21 22 18 19 20 24 23 9 6 7 8 14 13 12 11 10 5 4 1 2 3
49 32 48 4 21 22 6 20 34 16 23 7 28 3 33 1 45 41 38 35 50 12 5 40 26 18 47 42 29 2 30 19 25 36 15 14 9 17 39 46 13 37 11 44 10 27 24 8 43 31
43 15 38 26 40 11 6 36 48 9 19 13 41 27 23 4 20 10 31 8 7 34 30 2 39 35 28 22 45 5 47 33 24 49 25 21 1 17 46 16 12 42 3 50 29 37 14 32 18 44
7 32 36 22 29 28 25 13 18 5 24 41 45 37 30 43 21 14 16 39 2 23 4 35 38 10 19 46 40 26 9 49 11 48 15 3 17 44 6 1 33 31 27 42 34 12 47 20 8 50
20 9 43 35 23 7 18 50 5 28 3 6 13 44 31 2 27 26 21 32 16 24 33 36 8 34 15 25 14 42 29 41 19 45 49 30 17 11 46 40 4 22 1 48 47 38 37 12 10 39
20 24 23 22 35 34 33 37 36 40 39 38 46 47 48 44 45 41 42 43 30 31 32 28 29 25 26 27 14 15 16 12 13 9 10 11 3 2 1 5 4 8 7 6 19 18 17 21
9 13 38 41 24 23 34 48 15 7 27 36 45 20 5 25 26 40 35 30 29 42 4 44 39 47 43 2 16 28 49 33 3 50 14 37 8 10 19 32 17 21 22 11 31 6 18 46 1 12
17 40 24 41 8 19 42 13 38 28 18 22 3 32 21 6 35 48 1 15 7 27 44 16 36 45 23 50 4 31 26 12 5 49 47 14 37 34 46 10 25 20 29 33 11 2 39 9 43 30
1 4 6 3 5 8 2 7
29 20 32 26 7 23 21 34 9 39 50 42 11 38 15 2 1 18 4 44 36 35 41 14 30 40 49 22 45 3 13 6 46 5 31 19 16 28 37 24 17 47 12 8 43 25 27 10 33 48
12 5 14 9 11 1 2 8 7 10 4 3 13 6
6 26 45 24 28 30 15 29 38 36 20 17 23 25 12 7 16 18 8 2 1 3 50 9 27 14 40 10 32 33 5 11 21 19 31 48 42 43 37 22 47 49 44 41 34 13 39 46 4 35
1 2 4 3 6 5 7 8
37 38 39 42 41 40 36 35 34 31 32 33 3 2 1 45 44 43 46 47 48 4 5 6 10 7 8 9 12 11 28 29 30 27 26 25 21 24 23 22 19 20 13 14 15 18 17 16
47 13 29 20 33 3 10 26 2 27 4 36 28 9 23 43 34 1 16 25 15 40 46 45 49 30 5 37 44 38 12 18 7 19 32 41 6 14 8 31 42 17 35 21 24 22 48 11 50 39
25 7 21 12 14 1 19 17 10 20 18 9 16 11 13 8 6 26 15 24 22 5 2 23 3 4
1 4 2 5 3 6 8 7 9 12 10 13 16 11 15 14
20 24 23 22 27 26 25 29 28 32 31 30 43 42 41 45 44 48 47 46 38 39 40 36 37 33 34 35 14 15 16 12 13 9 10 11 3 2 1 5 4 8 7 6 19 18 17 21
23 8 31 16 45 40 1 13 14 30 27 9 44 6 26 15 19 17 12 18 48 47 10 39 11 25 7 2 22 35 46 37 28 3 33 42 38 34 43 21 4 5 29 41 36 20 32 24
1 28 27 2 3 29 30 31 4 5 6 32 33 34 7 8 9 35 36 37 10 11 12 38 39 40 13 14 15 41 42 43 16 17 18 44 45 46 19 20 21 47 26 50 24 23 22 49 48 25
20 40 45 43 3 1 21 7 48 25 12 28 36 44 46 35 14 8 38 50 47 31 32 24 6 42 26 27 41 29 2 13 18 10 39 34 15 9 49 23 11 37 33 17 19 30 22 16 5 4
11 14 16 15 13 20 18 17 19 22 24 23 39 40 38 35 33 34 36 29 31 32 30 27 25 26 28 37 45 47 48 50 49 1 2 4 6 3 5 7 8 9 10 12 21 44 42 41 43 46
47 33 38 17 34 16 3 50 5 42 1 21 23 41 48 9 44 18 15 30 27 25 43 22 28 7 40 46 39 11 6 26 8 10 20 45 19 29 2 4 32 13 31 36 37 14 12 35 24 49
18 24 37 34 11 27 50 39 4 33 9 16 48 13 2 25 3 14 6 5 22 47 23 21 20 15 32 43 40 31 44 35 7 36 10 1 41 45 12 38 42 29 26 17 49 30 28 19 8 46
24 49 12 35 19 45 39 25 14 40 42 18 10 41 16 46 15 5 4 34 32 37 1 13 38 43 2 8 33 22 9 44 48 20 11 47 30 21 3 6 29 7 28 36 31 17 23 27 50 26
10 2 4 1 3 6 9 5 7 8
13 8 20 38 43 36 29 11 30 5 34 46 14 23 3 40 25 7 24 47 35 22 16 33 44 50 26 9 4 37 39 12 1 48 17 10 41 6 21 31 27 32 15 49 2 45 18 28 19 42
9 11 10 12 13 8 7 2 3 5 4 6 1 20 21 23 22 24 19 14 15 17 16 18
37 43 47 48 35 15 22 18 14 23 42 10 5 41 31 36 30 27 17 32 25 16 39 19 26 24 13 2 8 7 40 45 6 44 49 34 11 4 29 20 21 46 28 3 33 12 9 38 1 50
7 43 11 14 26 3 19 44 24 20 45 18 42 16 17 32 46 33 39 35 21 29 2 12 30 36 23 10 22 1 27 9 6 34 31 38 13 4 47 28 40 37 5 8 25 41 15 48
1 19 6 9 17 5 7 8 12 21 20 3 10 11 4 13 14 18 15 16 22 2
41 47 17 2 14 15 7 31 5 8 40 4 42 30 1 36 28 22 29 49 35 39 3 20 43 23 12 48 45 25 24 18 34 44 27 26 38 16 11 37 50 13 10 33 6 32 9 19 46 21
1 2 3 25 24 29 28 26 27 30 23 22 21 20 13 12 11 10 9 8 7 6 5 4 19 16 17 15 14 18
27 18 26 21 10 15 16 39 29 40 14 7 4 49 17 22 6 25 50 37 9 23 32 30 3 36 19 1 31 28 46 41 47 33 38 11 5 20 45 12 13 48 34 35 44 24 43 8 2 42
15 7 4 14 8 9 11 5 10 3 16 13 6 1 12 2 41 43 37 42 35 47 39 48 45 38 36 46 40 34 44 33 50 49 23 31 19 26 21 27 25 24 30 20 22 29 32 18 28 17
36 49 31 48 2 32 43 16 12 29 42 30 7 45 8 18 50 11 19 26 17 1 41 25 33 47 35 37 15 6 46 3 40 9 20 10 13 39 5 23 22 21 44 4 38 28 27 34 14 24
38 36 31 7 27 47 5 11 2 40 39 42 4 34 35 20 48 12 8 37 41 9 29 44 17 22 33 13 32 15 50 45 24 25 23 10 18 16 26 3 46 14 28 6 1 21 49 19 30 43
3 4 7 6 5 17 16 15 14 8 9 10 11 12 13 40 1 2 19 18 23 22 20 21 25 26 27 28 29 39 38 37 36 35 33 32 24 34 30 31
43 36 35 12 16 3 26 19 42 32 29 2 11 33 44 22 1 40 46 25 17 47 9 10 49 38 4 31 45 13 7 23 34 20 39 14 8 28 15 27 6 18 30 48 41 5 24 50 37 21
30 3 1 47 25 6 46 36 18 26 4 23 34 40 39 14 16 33 20 2 27 21 43 13 5 31 32 50 38 42 7 19 22 11 17 37 15 8 24 29 48 10 12 45 49 41 28 9 35 44
1 3 2 4 6 5 7 9 8 10 12 11 13 15 14 16 18 17 19 21 20 22 24 23 25 27 26 28 30 29 31 33 32 34 36 35 37 39 38 40 42 41 43 45 44 46 48 47 49 50
10 9 13 12 16 15 14 19 18 17 21 20 24 23 22 11 6 7 8 4 3 2 1 5
26 2 35 28 12 5 4 8 22 36 46 33 41 50 47 16 9 6 42 49 25 43 48 11 10 18 39 27 34 17 37 38 20 30 24 14 7 31 13 45 44 21 15 19 32 1 40 3 23 29
21 49 35 33 38 10 8 4 29 20 22 18 36 14 30 27 1 12 25 39 9 16 34 43 17 44 24 6 5 2 37 48 42 45 41 3 28 13 50 11 47 46 32 40 15 26 19 23 7 31
1 9 8 2 4 3 5 7 6 10
21 15 17 39 48 35 24 5 9 42 43 44 6 7 3 50 46 28 2 1 38 29 33 20 13 34 32 37 8 10 22 47 45 26 19 23 11 30 18 4 14 31 27 49 16 25 12 40 36 41
18 17 21 22 3 2 1 5 6 11 12 16 15 14 13 9 10 4 8 7 29 25 26 27 28 32 31 30 46 47 48 44 45 41 42 43 35 34 33 37 36 40 39 38 19 20 24 23
46 47 48 7 43 44 12 11 10 42 41 9 8 40 39 38 6 5 4 3 35 36 37 23 22 21 20 19 18 17 16 15 14 13 45 1 2 34 33 32 31 30 29 28 27 26 25 24
3 8 5 1 7 4 2 6
26 39 37 35 32 30 49 3 25 42 48 34 45 23 11 7 15 12 10 22 16 40 46 20 41 24 21 18 17 44 19 28 50 13 33 36 14 1 4 47 29 9 43 6 5 8 27 31 38 2
24 23 22 21 20 19 18 17 16 15 14 13 12 11 10 9 8 7 6 5 4 3 2 1 25 26 27 28 29 30 31 32 33 34 35 36 37 38 39 40 41 42 43 44 45 46 47 48
3 39 26 7 42 5 15 43 47 6 25 35 48 17 45 30 2 18 50 41 36 46 34 12 32 1 4 13 23 40 31 37 33 20 21 16 49 8 24 38 19 44 28 27 29 14 22 11 9 10
5 2 3 4 1 6
37 13 35 43 40 30 29 2 16 14 31 42 36 33 45 21 22 25 17 10 7 5 4 8 41 32 26 39 23 27 11 6 34 46 3 28 20 15 9 12 1 19 18 24 44 38
15 16 17 18 19 20 21 22 23 24 25 26 27 28 29 30 14 13 12 11 10 9 8 7 6 5 4 3 2 1 31 32 33 34 35 36 37 38 39 40 41 42 43 44 45 46 47 48
1 31 14 19 33 15 26 25 40 18 30 49 12 39 34 37 2 23 32 13 20 3 46 11 42 47 41 10 45 6 28 38 4 21 27 7 17 48 16 44 24 35 8 29 22 9 50 5 36 43
24 21 14 10 12 11 46 8 4 22 16 33 37 39 50 13 44 15 35 27 7 19 9 6 42 29 48 31 32 47 45 30 38 36 5 2 17 41 25 1 3 18 28 26 34 49 40 43 20 23
3 4 14 15 34 20 7 21 40 30 25 5 12 37 22 19 39 42 50 46 48 38 11 24 2 28 31 13 29 49 8 18 1 27 17 35 6 45 41 43 44 10 23 9 16 47 33 26 32 36
1 4 2 3
21 2 14 13 26 17 9 18 23 25 24 5 10 12 15 1 4 19 16 7 3 6 11 8 22 20
10 19 32 47 15 30 41 7 27 21 23 22 44 9 43 49 24 35 31 40 26 8 18 2 33 11 3 46 45 50 38 20 37 16 12 42 48 17 29 39 5 4 28 36 25 1 13 6 34 14
1 8 42 16 33 3 5 4 26 11 15 24 35 37 44 28 36 29 45 32 39 6 40 22 46 31 34 7 43 17 41 47 9 21 12 14 10 50 13 48 49 30 20 18 25 23 2 38 19 27
17 2 43 6 13 42 11 46 1 22 50 16 20 25 33 18 44 8 4 27 12 48 24 38 31 15 23 34 7 10 49 21 28 40 29 5 36 41 47 9 35 26 37 14 39 45 19 3 32 30
47 34 38 43 22 30 42 14 2 4 10 40 35 5 17 49 27 19 48 12 3 9 18 16 8 23 1 37 33 20 13 24 45 41 29 44 26 11 50 32 46 15 25 21 6 36 31 28 39 7
43 40 27 30 6 39 12 31 29 21 17 8 22 11 20 1 35 23 46 36 28 37 7 26 41 3 13 47 45 50 48 18 19 49 24 14 44 9 16 34 5 10 33 32 2 25 42 15 4 38
12 19 5 49 35 36 1 14 2 26 17 46 33 42 4 44 34 41 7 23 9 28 20 21 3 27 15 16 8 40 11 25 10 45 50 37 13 48 43 47 22 24 32 29 30 18 6 38 31 39
38 39 40 36 37 33 34 35 3 30 31 32 28 29 25 26 27 22 23 24 20 21 17 18 19 43 6 7 8 4 5 1 2 15 16 12 11 10 9 13 14 46 47 48 44 45 41 42
23 10 5 25 2 15 6 12 21 22 18 20 14 13 17 4 1 7 24 26 9 19 11 8 16 3
1 2 5 6 7 4 3 8 11 9 13 14 15 12 10 16 19 17 21 22 23 20 18 24 27 25 29 30 31 28 26 32 35 33 37 38 39 36 34 40 43 41 45 46 47 44 42 48
