47 48 44 45 41 42 43 30 31 32 28 29 25 26 27 14 15 16 12 13 9 10 11 6 7 8 4 5 1 2 3 46 22 38 39 40 36 37 33 34 35 19 18 17 21 20 24 23
14 8 43 35 41 40 5 22 39 9 26 42 27 25 7 19 34 24 16 45 30 37 4 44 29 47 15 38 12 21 13 32 17 1 3 18 20 28 48 33 36 31 23 46 50 49 6 11 2 10
25 26 1 27 2 28 3 29 4 30 5 31 6 32 7 33 8 34 9 35 10 36 11 37 12 38 13 39 14 40 15 41 16 42 17 43 18 44 19 45 20 46 21 47 22 48 23 49 24 50
14 15 23 36 44 25 16 7 47 28 27 22 10 40 48 26 18 8 1 42 35 30 19 5 12 45 31 32 13 6 43 46 49 21 11 24 39 33 38 9 2 4 34 41 3 17 20 29 50 37
32 21 28 1 24 47 22 11 12 33 17 44 46 13 43 10 7 50 42 4 25 45 18 40 36 37 48 5 8 15 2 16 49 29 6 9 38 41 30 27 39 20 35 3 26 23 19 34 31 14
5 12 16 14 9 4 10 2 19 1 6 20 3 13 15 8 18 7 17 11
31 11 3 35 7 43 23 34 25 39 13 38 2 33 15 26 18 37 19 47 6 50 24 28 22 49 20 44 10 41 4 27 14 29 16 32 9 42 5 45 1 36 8 40 21 46 17 30 12 48
12 32 43 47 48 34 28 11 23 24 38 17 8 27 25 44 37 16 41 42 5 19 2 4 39 36 22 21 18 10 29 20 13 31 7 30 49 3 46 15 14 9 50 40 35 6 45 26 1 33
1 2 26 27 28 3 4 5 29 30 31 6 7 8 32 33 34 9 10 11 35 36 37 12 13 14 38 39 40 15 16 17 41 42 43 18 19 20 44 45 46 21 22 23 47 48 49 24 25 50
2 50 35 7 13 18 28 25 4 29 24 42 19 23 33 16 9 37 5 34 39 21 11 46 48 20 38 3 26 36 1 31 12 10 49 43 14 8 17 15 40 44 30 6 47 32 27 45 41 22
13 10 3 4 7 8 1 11 2 9 14 5 6 12
1 5 2 6 3 7 4 8
1 2 3 4 5 6 7 8 9 10 11 12 13 14 15 16 17 18 19 20 21 22 23 24 25 26 27 28 29 30 31 32 33 34 35 36 37 38 39 40 41 42 43 44 45 46 47 48
2 3 14 15 16 12 13 9 10 11 22 23 24 20 21 17 18 19 6 7 8 4 5 1
15 10 45 39 36 4 23 16 27 13 31 20 42 30 26 47 18 14 43 3 12 41 40 49 32 19 1 2 50 6 33 46 25 38 21 17 5 8 24 44 48 9 28 29 7 22 37 34 35 11
16 6 4 30 17 22 43 10 34 50 26 32 49 41 48 20 23 3 33 38 8 40 31 15 1 5 25 21 12 28 45 18 29 47 9 24 27 44 35 2 37 11 36 19 39 46 7 13 42 14
1 3 6 2 8 5 10 4 11 7 12 9 14 16 13 15
29 2 32 39 16 4 35 23 15 21 9 20 22 36 1 40 30 34 12 8 7 13 17 33 10 28 18 11 6 25 27 37 5 14 26 31 38 24 19 3
31 14 25 21 19 33 45 11 40 26 3 46 13 9 18 38 8 20 17 5 35 42 50 41 34 10 44 15 2 4 49 6 7 1 47 28 16 39 36 29 24 37 48 30 27 32 23 43 12 22
1 47 48 18 23 33 27 2 6 22 12 9 21 26 19 45 34 32 38 44 30 24 43 50 37 36 31 3 14 49 35 7 16 10 15 46 20 17 41 13 4 5 8 28 11 29 42 39 25 40
48 36 39 31 14 9 11 13 38 8 6 15 44 17 18 22 1 46 28 42 37 16 29 25 21 27 3 4 33 43 45 23 7 12 49 30 32 50 34 47 24 41 2 10 20 26 35 19 5 40
5 6 8 23 24 4 48 47 46 43 34 35 31 9 15 41 17 18 19 20 28 27 11 12 13 14 29 30 26 7 50 49 22 21 10 16 40 39 42 44 36 37 38 1 2 3 45 25 33 32
22 14 8 26 29 23 12 19 27 9 1 15 16 5 13 18 28 17 32 6 4 30 10 21 11 3 2 31 24 33 34 25 7 20
35 16 48 34 39 41 40 7 47 33 38 13 31 12 22 15 49 18 10 27 43 17 50 3 42 9 37 26 20 23 4 30 29 19 28 6 32 5 21 44 46 24 11 2 8 25 14 45 1 36
36 46 12 5 7 47 31 17 3 14 20 33 10 6 23 25 50 39 24 4 26 28 48 29 1 22 30 11 19 13 35 18 41 16 32 42 49 21 38 43 40 8 37 45 44 15 27 2 9 34
23 8 17 25 34 28 36 39 19 26 15 10 2 12 5 35 3 1 32 21 9 7 11 38 31 20 22 13 18 37 6 27 4 30 40 24 33 14 29 16
15 18 6 19 20 12 1 8 9 2 13 23 7 10 3 16 5 4 21 17 24 11 14 22
31 30 11 10 9 13 12 16 15 14 27 26 25 29 28 32 36 35 34 33 37 38 39 40 44 48 47 46 45 41 42 43 22 23 24 20 21 17 18 19 6 7 8 4 5 1 2 3 49 50
14 10 11 12 13 33 40 39 38 34 35 36 37 41 48 47 46 45 44 43 42 28 27 26 30 31 32 25 29 9 16 15 2 3 4 5 17 24 23 22 18 19 20 21 1 8 7 6
21 5 22 49 31 35 30 43 28 19 44 27 42 40 34 37 36 6 18 38 24 4 15 8 26 11 29 46 14 33 45 17 1 7 50 12 3 39 16 48 13 9 32 41 2 10 47 20 23 25
3 2 6 4 5 1
26 25 3 13 32 31 30 46 27 47 7 8 4 5 33 2 29 38 45 39 37 6 40 35 23 19 11 18 21 20 34 1 22 10 36 9 24 48 16 15 14 43 42 44 17 12 41 28
9 3 2 6 8 4 1 5 7 10
1 3 5 4 2 6
1 2 3 4 5 6 7 8 9 10 11 12 13 14 15 16 17 18 19 20 21 22 23 24 25 26 27 28 29 30 31 32 33 34 35 36 37 38 39 40 41 42 43 44 45 46 47 48 49 50
2 43 8 32 31 40 49 6 25 12 42 34 41 29 46 15 26 4 38 36 18 7 27 5 47 28 16 24 22 3 21 37 23 13 35 1 11 9 17 14 48 39 19 44 10 50 30 20 45 33
6 7 4 3 1 2 5 8 11 10 9 12 13 15 14 16 17 20 18 19 21 24 22 23 25 27 26 29 32 30 28 31 33 35 38 36 34 37 39 40 42 41 43 45 48 46 44 47 49 50
10 17 16 15 11 12 13 14 46 45 9 2 30 29 28 40 39 35 36 37 38 18 25 24 23 19 20 21 22 26 27 31 32 33 3 4 5 6 7 8 44 43 47 48 1 42 34 41
8 10 13 16 3 11 5 27 15 7 1 12 20 24 4 25 28 22 6 2 9 17 19 26 14 18 23 21
28 23 33 24 29 12 48 8 31 11 34 22 41 15 46 13 44 2 1 3 37 14 43 17 35 16 38 18 39 25 26 27 20 30 7 42 21 36 19 32 9 45 10 40 5 47 6 50 4 49
46 41 17 44 50 14 42 21 5 28 1 4 19 29 48 22 15 6 8 12 32 3 35 18 47 37 31 43 2 13 11 23 39 7 16 27 24 45 49 36 30 40 10 38 33 25 9 34 20 26
6 11 46 26 30 36 9 14 20 16 3 42 1 21 17 2 13 48 37 28 39 40 29 33 34 7 23 12 49 44 41 15 43 35 18 31 19 8 32 10 4 45 5 24 47 22 25 27 38 50
1 49 19 20 37 38 10 15 27 42 28 21 24 26 35 50 5 46 40 47 9 16 45 13 39 32 25 7 14 44 3 2 33 17 6 8 48 30 11 22 12 43 41 4 31 36 18 29 23 34
49 20 15 14 37 11 7 32 6 17 12 1 50 24 34 38 13 35 48 31 2 41 19 4 47 30 28 26 36 45 46 5 8 39 29 22 27 10 16 21 40 9 42 44 33 18 23 3 43 25
5 1 2 3 4 8 7 6 11 10 9 13 12 16 15 14
48 14 27 19 36 21 3 15 17 40 9 5 24 30 16 39 32 34 6 35 43 1 8 28 45 12 46 20 7 22 47 31 38 2 23 26 25 29 10 37 49 44 4 42 11 41 50 13 18 33
36 1 27 10 15 30 34 39 9 29 42 32 6 3 31 40 11 26 45 19 44 13 50 18 17 25 8 46 47 14 37 22 23 35 38 12 7 48 43 41 16 24 28 33 21 49 5 2 20 4
3 23 37 10 35 13 38 49 26 32 31 42 25 11 1 20 30 21 28 15 29 50 36 40 41 39 12 16 6 44 45 9 24 5 7 47 8 14 4 19 27 46 18 48 34 22 2 17 33 43
9 7 2 10 3 4 6 5 1 8
20 19 3 2 1 5 6 7 8 9 16 15 14 13 12 11 10 4 17 18
