10
0 30 96 59 74 39 78 93 23 96 
30 0 92 88 61 16 2 21 57 75 
96 92 0 73 29 27 74 44 79 89 
59 88 73 0 98 64 14 5 34 25 
74 61 29 98 0 27 40 85 82 96 
39 16 27 64 27 0 93 91 91 60 
78 2 74 14 40 93 0 43 6 81 
93 21 44 5 85 91 43 0 47 34 
23 57 79 34 82 91 6 47 0 96 
96 75 89 25 96 60 81 34 96 0 
BRBRBRBBRR
