20
0 52 79 55 36 79 78 75 6 95 17 46 4 41 51 14 2 67 91 89 
52 0 49 96 18 83 72 3 36 69 9 58 31 36 84 6 73 5 45 73 
79 49 0 18 26 47 60 97 73 2 0 41 82 33 25 80 86 72 79 73 
55 96 18 0 65 89 42 66 7 100 67 28 2 4 44 96 66 35 1 63 
36 18 26 65 0 69 7 2 90 75 69 57 50 1 100 23 57 14 13 92 
79 83 47 89 69 0 68 100 45 81 13 1 55 2 37 22 3 83 72 44 
78 72 60 42 7 68 0 50 4 32 47 83 71 98 1 3 44 55 43 64 
75 3 97 66 2 100 50 0 16 99 84 71 81 16 100 89 33 20 74 100 
6 36 73 7 90 45 4 16 0 25 49 83 90 11 80 41 21 69 0 80 
95 69 2 100 75 81 32 99 25 0 78 54 33 15 4 2 39 60 25 81 
17 9 0 67 69 13 47 84 49 78 0 13 5 3 86 54 33 43 66 1 
46 58 41 28 57 1 83 71 83 54 13 0 19 14 0 33 31 34 55 89 
4 31 82 2 50 55 71 81 90 33 5 19 0 0 6 40 22 0 4 91 
41 36 33 4 1 2 98 16 11 15 3 14 0 0 30 93 92 46 100 98 
51 84 25 44 100 37 1 100 80 4 86 0 6 30 0 3 47 0 51 62 
14 6 80 96 23 22 3 89 41 2 54 33 40 93 3 0 74 60 48 75 
2 73 86 66 57 3 44 33 21 39 33 31 22 92 47 74 0 64 3 92 
67 5 72 35 14 83 55 20 69 60 43 34 0 46 0 60 64 0 48 36 
91 45 79 1 13 72 43 74 0 25 66 55 4 100 51 48 3 48 0 59 
89 73 73 63 92 44 64 100 80 81 1 89 91 98 62 75 92 36 59 0 
BBRBBBBRRBBRBRBRRRRR

