20
0 99 70 4 43 98 34 18 74 56 61 96 98 31 95 17 20 12 31 16 
99 0 90 41 76 1 16 73 33 31 60 17 43 1 88 60 78 58 95 65 
70 90 0 99 0 15 77 1 60 52 36 75 44 76 43 15 13 92 98 59 
4 41 99 0 33 95 4 39 47 95 8 55 15 91 18 50 49 49 30 1 
43 76 0 33 0 92 53 0 51 23 84 82 91 97 16 49 71 0 74 30 
98 1 15 95 92 0 38 70 2 23 18 59 32 19 0 14 16 9 1 52 
34 16 77 4 53 38 0 83 12 16 53 100 1 10 25 2 80 34 45 3 
18 73 1 39 0 70 83 0 90 68 45 52 5 75 39 88 12 99 46 61 
74 33 60 47 51 2 12 90 0 14 74 80 63 12 66 90 49 2 32 80 
56 31 52 95 23 23 16 68 14 0 100 100 61 11 62 57 92 19 58 18 
61 60 36 8 84 18 53 45 74 100 0 49 16 51 18 0 12 96 1 95 
96 17 75 55 82 59 100 52 80 100 49 0 51 38 19 90 3 51 53 66 
98 43 44 15 91 32 1 5 63 61 16 51 0 15 7 14 22 99 34 35 
31 1 76 91 97 19 10 75 12 11 51 38 15 0 9 1 15 20 97 2 
95 88 43 18 16 0 25 39 66 62 18 19 7 9 0 18 2 5 56 79 
17 60 15 50 49 14 2 88 90 57 0 90 14 1 18 0 71 67 32 40 
20 78 13 49 71 16 80 12 49 92 12 3 22 15 2 71 0 68 21 88 
12 58 92 49 0 9 34 99 2 19 96 51 99 20 5 67 68 0 5 65 
31 95 98 30 74 1 45 46 32 58 1 53 34 97 56 32 21 5 0 55 
16 65 59 1 30 52 3 61 80 18 95 66 35 2 79 40 88 65 55 0 
BBRBRBBBBRRRBBBRRRRR
