14 33 17 24 23 35 39 36 44 29 8 40 48 41 49 20 50 45 10 38 12 27 21 25 43 3 4 46 15 13 34 31 18 6 22 11 1 47 7 9 19 37 30 42 32 16 26 2 5 28
2 1 3 4 5 6 7 8 9 10 11 12 13 14 15 16 17 18 19 20 21 22 23 24 25 26 27 28 29 30 31 32 33 34 35 36 37 38 39 40 41 42 43 44 45 46 47 48 49 50
8 50 24 1 35 2 26 46 11 48 20 33 10 31 3 44 25 32 21 47 23 49 15 39 22 30 19 28 6 41 14 27 4 40 12 43 17 29 9 37 18 36 13 42 7 45 16 34 5 38
39 43 44 33 5 42 7 32 21 29 45 26 22 35 8 31 19 36 50 37 2 14 1 24 46 28 18 4 49 3 38 40 47 13 17 15 48 25 6 41 27 9 20 34 30 10 23 11 12 16
15 40 50 34 46 43 28 21 32 6 1 35 29 41 33 18 26 48 36 11 30 31 3 44 42 19 27 14 24 38 16 13 39 2 25 47 37 49 23 4 17 5 7 12 22 9 45 8 10 20
5 1 2 3 4 6 7 8 12 9 10 11 13 14 15 16
11 43 5 28 1 47 12 42 20 50 14 30 7 40 9 48 2 46 8 32 3 49 13 36 25 45 15 26 4 29 6 44 18 37 22 41 23 39 24 35 21 33 16 34 10 38 19 31 17 27
21 1 46 3 11 48 40 50 38 31 43 14 49 23 42 25 2 47 39 20 17 34 16 29 5 4 37 12 36 32 30 27 6 28 19 10 7 33 15 13 9 18 24 41 35 26 8 44 22 45
7 8 9 10 11 12 13 14 15 16 17 18 19 20 21 22 23 24 25 26 27 28 29 1 2 3 4 5 6 30
19 48 47 46 49 44 1 26 25 42 2 15 3 4 13 18 5 16 6 11 10 7 34 8 9 12 14 41 17 20 45 21 40 22 39 38 23 32 24 35 27 50 28 29 30 43 31 33 36 37
6 1 3 4 2 5 7 8
9 48 13 47 39 45 12 32 33 8 43 44 40 22 37 10 49 38 50 2 34 46 29 11 28 36 5 1 31 16 35 30 42 27 18 41 26 6 23 24 17 19 3 4 15 21 20 7 14 25
17 48 4 47 23 36 8 42 1 43 2 49 22 46 24 50 25 45 6 44 15 41 14 26 13 29 21 38 19 27 12 33 18 3 28 20 34 9 39 5 31 16 32 7 30 10 37 11 40 35
5 13 45 50 39 33 44 26 38 28 46 48 34 22 6 47 37 19 11 29 27 41 49 30 43 40 31 35 25 42 18 21 17 7 1 9 2 36 24 16 8 3 32 10 20 12 4 14 15 23
23 27 46 49 9 1 19 34 43 2 50 6 35 40 13 39 22 25 38 18 16 26 14 7 3 44 17 20 42 48 21 31 15 5 4 36 8 29 28 10 30 47 32 12 11 37 33 24 45 41
8 30 18 47 22 36 24 32 3 49 19 42 17 50 25 45 23 46 21 1 44 6 27 13 41 20 43 10 26 16 38 15 48 11 33 9 34 2 4 28 5 7 12 14 37 29 31 35 39 40
32 1 48 21 4 47 24 11 46 49 38 45 10 43 40 2 15 50 7 36 3 20 13 12 37 14 41 28 39 5 22 9 42 19 30 23 16 35 44 33 18 29 6 27 34 17 8 31 26 25
34 35 1 13 2 3 4 5 6 47 7 8 12 9 21 10 11 39 46 14 15 22 16 17 29 18 19 20 23 24 28 25 37 26 27 30 31 32 36 33 45 38 40 44 41 42 43 48
5 2 1 4 3 6
49 43 11 9 39 42 50 32 48 28 47 20 33 12 29 40 13 1 31 30 23 18 16 35 7 44 45 34 41 21 19 26 38 5 14 6 8 24 2 27 3 4 10 15 36 22 46 17 25 37
29 18 40 23 50 13 37 17 47 21 31 22 1 44 20 48 8 49 7 43 16 46 24 38 15 36 6 33 4 28 25 32 2 39 5 35 14 3 45 11 42 19 34 12 27 10 41 9 26 30
8 37 13 11 26 40 22 42 15 31 25 44 2 39 30 29 14 12 27 20 18 4 10 1 3 41 21 32 6 5 28 33 36 7 23 16 35 9 19 34 43 17 24 38
38 39 40 41 42 43 44 45 46 47 48 49 50 35 34 33 32 31 30 29 28 27 26 25 24 23 22 21 20 19 18 17 16 15 14 13 12 11 10 9 8 7 6 5 4 3 2 1 36 37
17 1 4 5 25 26 9 19 11 8 3 16 15 2 14 13 12 6 7 24 23 10 18 20 21 22
9 1 20 2 17 3 4 11 5 12 6 7 16 8 10 13 14 19 15 18
43 44 1 40 2 21 3 4 5 14 45 42 38 6 35 7 16 8 9 36 23 32 47 30 10 29 11 12 13 15 17 46 20 18 25 19 50 26 41 28 49 22 24 27 31 33 34 37 39 48
8 13 27 42 32 45 43 47 35 50 48 49 5 38 37 21 22 1 4 41 33 25 14 39 19 46 10 44 15 40 20 24 11 29 2 30 34 31 3 6 36 18 26 16 9 12 7 17 23 28
30 34 49 1 50 44 46 38 2 48 40 20 3 4 42 23 27 41 45 24 7 10 31 11 47 5 18 26 32 39 29 15 37 19 22 36 17 13 35 14 21 12 33 43 6 8 28 9 25 16
40 33 15 30 34 11 9 49 12 28 42 48 50 14 45 31 46 37 25 36 2 47 22 1 32 13 41 39 16 44 21 20 43 18 35 19 24 38 29 10 5 6 4 17 8 3 23 7 26 27
44 49 42 48 1 2 3 4 50 11 47 15 10 21 40 12 38 24 39 41 46 34 36 35 8 25 18 13 9 45 19 43 30 33 29 23 28 31 27 32 37 22 17 5 6 14 20 7 16 26
1 17 48 44 35 24 27 39 34 11 50 46 21 31 9 14 7 16 3 36 47 23 37 29 4 33 25 43 15 28 8 13 26 42 18 2 22 10 6 5 38 49 30 12 45 19 20 32 41 40
8 9 12 13 16 15 14 43 42 41 40 37 36 33 32 31 30 35 46 11 22 27 38 39 1 2 3 4 5 6 7 10 17 18 19 20 21 24 23 25 26 28 29 34 44 45 48 47
23 1 46 2 15 29 39 17 48 6 5 14 3 4 42 45 33 36 50 44 20 35 12 8 31 9 47 11 21 40 25 22 49 38 7 10 26 41 13 37 16 30 43 24 18 19 27 32 28 34
3 49 22 1 25 34 48 50 32 27 7 44 2 45 47 37 20 35 19 28 33 4 5 6 46 30 8 38 24 39 23 36 17 10 11 14 9 12 13 15 16 18 21 26 29 41 31 40 42 43
32 45 30 49 46 31 38 43 50 41 42 1 34 15 26 7 16 47 48 27 44 29 36 35 40 13 4 23 24 19 20 39 10 33 18 37 8 11 28 21 22 25 6 9 2 3 14 17 5 12
28 27 46 6 35 11 19 38 39 40 1 2 3 4 5 7 8 9 10 15 16 12 13 14 43 44 17 18 20 21 22 30 29 23 24 25 26 31 32 33 34 36 37 41 42 47 48 45
9 15 7 6 14 1 12 13 8 10 5 4 3 11 2 16 27 24 50 17 45 18 49 25 46 32 43 42 48 40 33 29 35 21 44 22 47 31 26 30 37 20 19 38 23 34 28 36 39 41
8 1 2 3 4 7 6 5 10 9 11 12 13 16 17 14 15 20 18 19 21 22 23 26 27 24 25 28 29 30
12 1 2 3 4 5 6 7 8 9 10 11 13 14 15 16 17 18 19 20 21 22 23 24 25 30 26 27 28 29 31 32 33 34 35 36 37 38 39 40 41 42 43 44 45 46 47 48 49 50
28 19 18 26 4 14 50 38 46 47 9 20 35 21 17 32 6 15 44 48 34 39 40 1 3 41 33 16 45 10 49 2 43 13 24 29 25 7 11 36 5 27 23 8 31 30 12 22 42 37
8 1 20 2 27 50 21 38 3 14 4 5 48 6 7 46 11 44 41 42 9 40 10 12 13 36 33 34 23 32 15 16 25 30 17 28 18 29 24 19 22 26 49 31 35 37 39 43 45 47
23 31 50 32 47 37 46 25 10 35 30 24 9 36 11 14 38 22 18 41 13 16 48 49 33 45 39 44 21 3 43 8 28 40 7 19 12 2 15 5 17 34 27 4 42 29 6 1 26 20
40 1 2 6 16 32 50 11 3 19 34 17 47 49 39 38 10 22 29 15 46 12 45 4 44 14 23 41 35 36 42 48 25 43 31 27 30 24 28 37 21 20 33 7 26 18 5 8 13 9
1 6 4 10 7 8 5 9 2 3
12 28 21 30 25 29 22 27 23 26 24 45 1 2 3 4 5 6 7 8 9 10 48 11 13 14 15 16 17 18 19 20 49 31 32 33 34 35 36 37 38 39 40 41 42 43 44 46 47 50
3 26 37 50 44 8 24 48 9 27 41 12 1 10 45 34 42 39 38 46 47 43 25 31 2 32 30 11 28 21 4 13 49 19 33 5 16 29 22 20 7 40 6 35 23 18 14 15 17 36
40 20 39 12 37 41 1 29 50 18 34 5 2 3 13 35 4 6 36 25 47 7 8 9 10 45 11 14 15 16 26 17 42 19 21 24 22 43 23 33 27 28 46 30 31 32 38 44 48 49
3 35 43 39 47 25 49 44 32 41 36 48 50 29 27 46 38 19 1 45 6 30 23 42 7 33 10 34 28 31 2 37 26 5 20 4 24 22 11 40 8 21 9 12 13 14 15 16 17 18
24 49 5 29 41 23 6 43 47 48 37 42 46 39 35 22 34 15 10 20 25 30 28 44 21 45 13 50 1 17 19 2 38 26 11 32 7 40 27 3 18 9 33 36 14 4 16 8 12 31
31 20 18 45 16 27 39 1 42 49 28 46 6 8 37 43 19 2 36 21 48 41 26 47 3 13 4 24 38 12 44 50 40 5 7 23 10 35 15 9 11 29 30 25 22 14 17 34 32 33
36 49 38 24 1 23 26 8 22 25 20 42 29 41 45 47 46 44 17 18 32 30 2 6 35 40 11 39 34 16 5 7 3 15 13 19 33 50 28 4 21 37 9 10 31 12 48 14 43 27
32 37 7 40 8 46 28 36 47 38 23 48 24 50 19 43 31 41 29 34 2 39 26 13 20 35 10 45 12 42 1 4 49 30 5 33 44 11 3 17 14 6 22 16 21 18 15 9 27 25
35 46 44 49 45 30 5 31 43 48 2 47 39 38 34 33 37 40 26 17 28 41 23 24 20 10 32 19 21 36 11 8 29 7 15 50 3 25 27 6 22 1 16 42 12 9 13 14 4 18
15 20 6 8 2 17 19 12 18 16 7 1 14 3 13 4 21 9 11 5 10 22
4 5 1 2 3 46 47 48 6 43 14 35 22 11 38 39 40 7 8 9 10 12 13 15 16 17 18 19 30 31 32 33 34 20 21 23 24 25 26 27 28 29 36 37 41 42 44 45
6 31 50 10 13 46 41 14 18 4 48 45 49 1 25 17 33 9 35 26 12 40 43 24 37 30 16 15 32 36 11 47 28 2 3 34 39 7 38 21 20 22 19 27 8 42 5 29 23 44
4 1 2 3
8 9 5 2 4 10 1 7 3 6
34 38 31 30 32 36 33 39 1 2 6 3 9 4 5 10 15 17 13 19 7 8 45 40 41 46 42 11 16 12 20 21 26 22 14 18 23 29 25 24 28 27 35 37 43 49 44 48 47 50
35 17 40 50 49 1 9 44 5 19 47 41 46 7 2 33 43 12 39 37 27 21 25 22 16 38 6 42 45 36 30 10 26 8 3 31 20 32 34 28 13 29 4 24 48 18 11 14 15 23
35 23 43 47 40 36 33 50 49 39 38 16 20 37 48 14 19 17 11 18 46 21 13 1 45 2 34 26 12 25 5 41 44 32 10 8 42 22 28 24 27 30 6 31 3 15 7 29 4 9
37 1 2 3 4 5 6 7 8 9 10 34 11 12 13 14 38 15 16 40 17 18 19 20 44 21 22 46 23 24 48 25 26 27 28 29 30 31 32 33 35 36 39 41 42 43 45 47 49 50
18 50 46 11 13 37 14 27 1 16 2 3 19 4 26 5 9 6 33 7 8 38 10 12 23 15 17 20 45 35 28 21 48 47 22 24 34 25 29 31 30 43 32 39 36 40 41 42 44 49
4 2 1 3
13 47 23 46 21 49 18 1 34 24 50 20 32 19 44 16 37 7 39 12 45 17 40 25 38 15 35 22 36 11 33 14 31 4 43 3 48 6 42 9 28 10 29 2 41 5 27 8 30 26
32 37 21 50 49 48 47 38 34 33 12 11 44 39 40 36 45 14 13 42 43 28 27 3 10 9 41 23 29 30 46 1 2 26 24 25 20 22 19 18 17 16 15 6 7 31 35 4 5 8
14 35 34 1 26 40 16 27 32 11 3 4 15 17 39 25 38 7 12 28 23 22 36 5 2 33 8 6 20 37 30 18 31 9 19 13 10 21 24 29
50 1 2 3 4 5 6 7 8 9 10 11 12 13 14 15 16 17 18 19 20 21 22 23 24 25 26 27 28 29 30 31 32 33 34 35 36 37 38 39 40 41 42 43 44 45 46 47 48 49
50 25 35 39 46 26 29 44 5 48 21 4 45 18 15 14 41 24 32 22 30 49 6 42 28 47 43 40 16 27 38 1 7 19 2 3 36 17 10 23 8 31 37 34 11 9 13 33 12 20
23 30 42 1 49 13 46 41 8 16 48 5 44 50 4 2 45 47 29 28 3 12 25 24 18 36 17 22 35 6 27 38 21 9 34 31 32 40 20 43 7 10 33 11 37 39 14 19 15 26
3 9 1 6 2 4 5 8 7 10
8 1 2 50 49 42 43 44 3 4 5 6 7 9 10 17 11 12 13 14 15 16 18 19 20 21 22 23 24 25 26 33 27 28 29 30 31 32 34 41 35 36 37 38 39 40 45 46 47 48
45 16 32 48 44 1 26 2 27 49 46 29 3 21 15 47 37 25 43 13 42 19 14 30 9 23 38 28 40 39 33 4 20 36 31 12 11 50 41 8 5 6 34 7 18 17 35 10 24 22
44 45 41 42 43 38 27 46 35 6 19 30 11 22 3 2 1 5 4 7 8 9 13 12 10 48 47 14 15 16 17 21 20 18 40 39 23 24 25 29 28 26 36 37 33 34 31 32
9 4 18 2 17 16 14 10 1 3 15 12 7 5 8 13 6 11
13 18 24 22 15 23 8 27 25 16 19 6 12 4 11 9 28 14 5 21 20 17 1 2 7 3 26 10
28 31 38 33 34 27 26 29 40 35 14 37 8 25 22 3 16 21 6 7 18 23 32 39 24 9 12 5 36 19 30 11 10 15 1 20 13 2 4 17
13 32 21 35 20 14 1 25 40 48 22 47 39 50 2 3 41 5 4 26 42 34 49 37 23 31 45 19 46 11 10 6 38 15 7 30 43 17 8 44 12 18 9 33 16 24 36 27 28 29
37 48 25 45 1 21 50 42 19 29 2 20 17 27 14 39 47 12 22 38 46 26 34 3 43 28 32 30 5 35 41 23 4 49 7 36 24 33 44 11 6 18 31 16 40 15 8 10 9 13
46 1 50 49 2 45 3 48 4 5 42 6 7 40 47 16 8 9 38 10 39 11 12 37 13 36 14 15 17 18 19 20 21 22 23 24 25 26 27 28 29 30 31 32 33 34 35 41 43 44
4 1 2 3 5 6 7 8 9 10 11 12 13 14 15 16 17 18 19 20 21 22 23 24 47 25 50 26 27 28 29 30 31 32 33 34 35 36 37 38 39 40 41 42 43 44 45 46 48 49
40 15 27 22 35 3 45 17 48 18 38 13 36 21 43 1 49 8 42 20 26 14 50 19 37 7 41 16 31 24 44 12 46 25 29 23 32 11 33 10 2 28 9 39 5 4 30 6 34 47
31 50 15 26 1 22 2 35 48 9 18 7 34 3 40 4 5 46 6 8 10 23 28 11 42 12 33 44 29 38 19 36 13 30 14 16 17 32 20 21 24 45 25 27 37 39 41 43 47 49
44 6 46 12 49 24 47 11 40 22 48 23 45 4 42 3 32 15 31 25 41 19 34 10 43 16 1 28 21 50 13 26 17 39 14 37 18 35 7 30 5 36 8 33 2 27 20 29 9 38
13 19 20 43 21 50 49 38 36 5 45 29 35 37 42 12 6 3 32 44 22 24 30 40 47 39 8 27 10 14 23 46 15 25 1 2 31 4 48 18 16 34 17 7 28 33 26 9 41 11
19 28 29 1 2 27 3 26 25 4 23 5 6 21 24 17 22 15 20 13 7 8 11 18 9 10 12 14 16 30
6 2 1 42 40 45 3 4 5 7 8 9 10 15 11 16 12 13 19 14 18 17 20 25 29 23 21 22 26 24 28 27 30 31 36 32 33 39 35 34 38 37 41 46 43 44 48 47 49 50
19 48 45 34 8 37 22 46 36 18 1 14 47 27 42 21 49 5 31 40 43 50 38 17 30 16 3 10 6 44 33 24 12 9 2 41 7 29 4 13 20 26 35 25 28 32 11 23 15 39
4 3 1 6 2 5
47 25 49 31 42 39 2 50 18 48 33 13 6 38 5 1 44 8 23 45 19 27 9 3 35 4 16 40 15 43 7 20 10 34 36 41 21 17 11 24 12 14 26 37 22 32 30 29 28 46
10 20 42 43 25 44 31 40 35 1 29 46 38 3 39 19 2 47 48 17 36 4 26 33 41 49 50 37 7 27 15 13 6 34 23 21 24 18 16 30 9 32 45 5 22 14 8 28 11 12
27 8 28 19 7 25 13 10 1 30 15 2 24 21 3 29 6 26 4 5 9 14 31 20 22 32 17 11 23 12 16 18
16 1 23 10 28 4 11 5 32 2 21 30 44 35 3 6 38 18 7 8 12 27 19 47 49 20 9 36 48 13 37 40 45 29 46 17 14 15 42 22 43 34 50 33 24 26 31 25 39 41
8 1 2 3 4 7 5 6
46 4 49 18 48 50 44 31 47 2 23 45 17 43 33 27 25 40 22 39 42 34 30 36 26 37 3 38 5 35 16 24 20 28 29 19 14 21 41 13 9 10 8 15 6 7 11 1 12 32
31 12 41 16 45 21 49 23 34 24 32 18 37 4 26 2 35 10 33 14 44 9 42 25 48 13 36 19 46 8 43 17 50 1 47 3 39 7 5 38 15 28 22 30 20 27 6 11 40 29
11 33 3 32 16 49 31 45 27 40 21 20 39 48 5 44 34 23 8 41 42 12 37 38 26 2 15 43 24 28 1 18 35 25 50 29 47 22 10 7 46 36 13 6 19 17 9 4 14 30
11 14 5 48 24 36 18 20 43 42 40 9 50 16 22 4 32 35 38 44 41 1 49 19 26 28 12 2 46 47 30 37 45 34 33 15 29 3 6 7 17 31 25 23 27 39 21 8 10 13
1 2 9 8 3 16 4 5 10 6 7 11 12 13 14 15
1 2 3 7 4 5 6 10 8 9
5 4 1 2 3 8 6 7
9 10 5 1 2 3 4 6 7 8
42 41 23 39 3 25 1 7 40 31 38 33 36 17 13 44 30 46 34 32 4 27 8 22 14 16 20 28 10 48 12 19 43 2 45 24 47 15 37 35 29 26 21 5 11 6 9 18
3 24 43 49 39 15 35 44 34 21 33 31 48 45 16 28 19 47 30 27 42 5 41 7 46 38 14 50 6 29 40 2 37 22 12 13 26 9 23 1 11 10 4 18 8 17 20 36 32 25
47 44 50 43 49 41 38 35 42 40 39 37 48 36 46 31 29 26 24 28 34 27 33 23 30 22 25 19 16 20 18 17 21 14 13 11 15 12 10 9 7 8 5 6 4 1 2 3 32 45
38 3 46 24 33 28 32 1 23 43 41 50 25 16 31 18 37 14 2 17 35 47 8 11 13 19 7 12 4 39 30 15 29 10 27 34 5 40 42 9 44 21 6 20 22 45 26 48 36 49
16 49 42 45 28 1 30 37 8 7 50 13 48 3 14 41 38 43 22 17 24 35 36 21 20 27 46 47 6 23 32 25 26 39 2 29 4 19 10 9 34 31 40 15 18 5 12 11 44 33
23 38 42 32 48 6 43 27 25 15 10 13 47 50 40 49 29 44 41 33 46 31 9 20 19 17 34 14 11 30 35 39 5 21 16 36 1 37 2 3 18 7 22 45 26 4 24 12 28 8
3 1 2 4 5 6 7 8 9 10 11 22 12 13 14 15 16 17 18 19 20 21
20 45 44 49 46 47 42 41 50 43 48 39 40 37 38 35 36 33 32 31 34 28 29 26 25 24 27 22 23 19 18 17 12 15 16 11 14 13 10 1 8 9 2 7 3 6 4 5 30 21
2 6 1 5 3 4
7 8 5 4 1 24 23 22 11 6 19 18 17 20 21 2 3 14 15 16 13 12 9 10
35 41 50 6 12 1 47 43 25 28 19 31 27 17 45 44 38 49 39 48 30 46 5 9 8 36 4 3 42 24 13 33 32 23 29 21 22 40 34 37 16 20 2 18 7 10 15 26 14 11
47 1 2 3 4 5 24 6 7 8 9 10 11 21 23 12 17 22 13 14 15 16 18 19 20 25 26 27 28 29 30 49 31 32 33 34 35 36 37 38 39 40 41 42 43 44 45 46 48 50
32 11 9 2 48 45 50 26 42 31 14 27 30 23 1 5 44 7 4 34 37 40 41 33 3 35 6 46 29 8 10 22 39 47 20 12 28 15 38 21 13 16 17 18 49 19 43 24 25 36
41 10 50 42 25 12 11 40 22 36 16 49 7 37 38 29 43 18 39 47 30 31 21 46 48 24 34 45 13 33 35 26 4 14 32 3 19 27 44 2 8 28 1 20 23 17 5 6 9 15
17 11 1 18 14 15 13 16 4 5 8 2 19 3 12 20 9 10 6 7
7 8 9 20 11 37 44 18 45 3 1 22 17 2 6 35 43 19 14 31 27 28 48 4 12 5 29 10 30 13 34 15 16 36 21 23 40 24 33 25 26 32 39 38 41 42 46 47
6 46 14 44 12 50 43 36 15 22 47 34 37 29 9 18 26 24 40 25 39 3 33 41 30 35 45 42 16 1 2 17 27 7 4 32 13 49 31 10 11 20 8 19 5 38 21 28 48 23
37 32 38 1 28 45 50 4 44 30 10 46 43 48 9 26 29 41 13 39 49 42 14 5 31 24 35 25 34 15 23 47 21 19 2 18 36 11 40 3 6 16 27 7 12 8 22 33 20 17
27 1 2 3 4 5 6 7 8 11 9 10 44 12 13 14 15 19 16 17 18 20 21 22 23 24 25 26 28 29 30 31 32 33 34 35 38 36 41 37 39 40 43 42 48 45 47 46 49 50
7 26 11 2 15 34 10 35 39 33 1 25 4 5 29 22 30 28 3 32 38 40 21 18 36 31 9 27 14 23 37 20 6 13 8 16 12 17 19 24
28 1 21 50 4 40 38 19 11 39 46 47 35 26 49 20 18 23 44 42 45 30 36 31 14 15 37 2 32 24 43 7 8 48 13 6 16 41 34 22 9 12 3 5 10 17 33 25 27 29
11 50 1 46 47 49 5 44 14 36 23 48 17 42 26 35 43 33 30 24 41 29 2 39 25 10 45 38 21 28 20 3 22 40 16 32 19 4 34 6 37 8 27 13 15 12 31 7 9 18
47 20 10 27 30 49 41 32 22 34 3 46 48 23 40 43 42 5 13 45 50 14 29 6 26 44 15 24 16 37 19 17 7 31 35 8 1 36 25 4 38 28 18 21 2 12 39 33 11 9
41 1 2 3 4 5 6 7 8 23 9 40 10 11 12 35 13 14 27 15 46 16 17 18 19 28 20 21 22 24 29 25 26 30 33 31 50 32 34 36 37 38 49 39 42 43 44 45 47 48
29 49 43 42 3 40 36 6 47 24 28 21 50 45 33 35 25 12 22 9 7 37 46 26 38 8 2 11 4 32 16 39 1 19 48 31 23 13 27 10 34 30 5 14 15 17 18 20 41 44
26 39 40 33 45 46 42 41 5 9 37 38 34 47 48 1 2 15 16 44 43 7 8 3 4 35 36 6 10 23 24 17 29 25 13 12 11 31 32 30 14 18 19 20 21 22 27 28
24 1 2 3 4 5 6 7 8 9 10 11 12 13 14 15 16 17 18 19 50 25 20 49 21 22 23 48 26 27 28 29 30 31 32 33 34 35 36 37 38 39 40 41 42 43 44 45 46 47
44 18 49 22 43 24 31 23 1 45 25 34 19 28 17 37 10 27 12 33 13 39 20 42 15 47 9 50 7 26 21 32 3 46 11 30 14 38 16 40 8 48 4 2 36 5 41 6 35 29
4 48 47 34 32 43 39 20 24 6 50 8 45 40 37 38 44 31 41 18 1 30 22 25 46 49 29 10 35 21 7 23 42 17 33 13 28 2 12 14 19 5 11 26 3 36 9 27 15 16
35 47 33 45 40 43 50 5 8 42 49 27 48 44 37 11 26 10 21 28 46 1 3 31 41 29 34 4 32 38 18 15 36 25 16 2 6 22 23 12 7 13 19 39 9 30 24 17 14 20
48 27 11 10 14 41 7 34 28 8 39 17 30 20 1 31 49 13 50 5 4 38 21 37 24 26 22 15 47 36 40 19 45 9 25 32 18 2 46 16 29 3 35 12 43 42 6 23 33 44
13 5 1 2 15 3 4 6 7 8 11 9 14 10 19 12 16 17 18 20
45 23 44 17 49 22 33 7 1 42 18 43 13 46 14 48 3 38 19 50 9 39 4 47 8 37 21 35 16 34 20 2 31 5 6 30 15 36 24 41 10 11 12 27 25 26 28 29 32 40
50 1 43 2 49 22 29 24 3 46 25 37 19 26 18 41 16 4 47 23 48 10 44 8 30 5 42 6 36 21 7 45 17 40 11 38 9 31 20 33 12 35 15 13 34 14 39 27 28 32
1 34 22 50 4 42 36 46 44 23 7 10 30 21 47 33 27 35 49 26 45 11 43 31 25 19 6 16 12 41 20 38 37 2 28 9 18 3 40 5 13 48 8 24 14 15 29 17 39 32
2 1 27 3 4 28 5 6 7 8 32 9 10 34 11 12 13 14 38 15 16 17 18 19 20 44 21 22 23 24 25 50 26 29 30 31 33 35 36 37 39 40 41 42 43 45 46 47 48 49
42 14 48 1 11 31 19 7 49 18 26 32 16 10 15 2 27 20 3 34 33 40 50 28 6 39 44 21 45 46 4 5 37 22 41 38 8 12 47 35 25 9 23 13 17 30 24 43 29 36
5 30 24 47 48 41 45 19 3 46 37 43 27 16 49 36 44 4 23 50 40 33 10 13 35 15 31 18 6 38 42 2 39 21 22 32 7 17 1 34 11 20 8 14 28 29 9 25 26 12
13 38 1 26 2 3 4 5 30 6 7 8 9 34 10 11 12 14 15 16 17 42 18 19 20 21 46 22 23 50 25 24 49 27 28 29 31 32 33 35 36 37 39 40 41 43 44 45 47 48
11 20 19 16 17 44 49 50 43 48 41 46 47 42 45 38 37 40 39 36 33 34 31 32 35 27 28 25 26 29 24 23 22 6 7 10 3 8 5 2 1 4 21 18 13 12 15 14 9 30
26 49 37 31 2 29 47 34 38 43 46 35 28 45 44 42 36 20 23 41 22 9 1 24 4 30 33 25 40 12 19 17 13 39 6 5 16 3 48 32 27 18 15 7 14 11 21 10 50 8
17 35 43 40 49 46 44 21 10 47 37 31 38 45 7 23 24 1 50 29 15 30 36 6 32 48 8 2 39 34 14 16 18 28 41 26 19 22 33 12 42 11 27 3 9 13 5 25 20 4
3 4 16 9 6 15 14 13 1 11 5 10 12 2 8 7
36 39 11 5 31 37 48 2 17 49 25 50 44 38 4 46 30 34 41 33 21 10 42 32 29 12 20 47 40 45 14 27 15 19 16 7 43 6 22 24 18 35 8 13 3 9 1 23 26 28
7 48 36 8 40 15 19 17 35 10 47 45 44 28 14 46 43 21 18 9 16 6 11 30 38 37 26 24 13 32 41 4 22 25 50 31 12 1 42 33 49 20 29 39 34 2 23 3 5 27
19 36 44 40 48 43 35 50 27 41 37 28 49 20 14 1 31 2 33 34 21 3 12 47 4 29 8 17 15 24 23 30 9 46 39 25 32 22 26 11 38 45 10 5 16 18 6 13 7 42
39 1 2 3 4 5 6 7 8 9 10 11 12 13 14 15 16 17 18 19 20 40 21 22 23 24 25 26 27 28 29 30 31 32 33 34 35 36 37 38
26 37 35 32 42 49 7 27 50 30 16 13 46 45 40 18 39 6 17 34 10 41 8 25 44 11 2 3 36 43 29 14 47 21 22 48 15 9 38 12 5 31 33 19 28 4 23 1 20 24
30 23 44 22 48 18 50 21 28 11 40 17 46 19 27 15 49 10 36 20 29 13 38 14 39 25 32 12 31 9 26 4 1 42 16 41 2 3 47 6 34 5 35 7 8 45 24 43 33 37
17 34 11 40 3 48 5 46 15 14 37 20 31 30 29 28 27 26 25 24 23 22 21 36 13 38 45 6 7 8 9 10 41 1 50 2 49 42 47 4 39 12 43 16 35 32 19 18 33 44
32 34 14 25 12 48 47 33 40 46 42 27 35 19 44 50 36 1 45 38 6 31 37 29 30 8 22 7 43 26 39 4 17 24 41 18 49 9 21 16 2 11 3 28 5 23 15 10 13 20
46 13 28 1 42 8 49 23 37 24 34 22 38 11 40 6 45 17 48 16 47 15 26 18 44 10 50 21 43 25 27 5 32 9 36 19 33 4 41 14 30 12 29 3 35 20 31 2 7 39
12 7 1 9 2 6 3 4 8 5 10 11
41 50 1 49 28 36 9 40 44 21 4 20 38 43 37 16 46 26 27 18 29 12 45 47 2 32 34 22 39 13 35 3 31 48 42 5 10 6 11 25 14 19 7 15 17 8 23 24 30 33
42 30 32 49 48 14 45 43 10 6 2 29 24 34 36 28 23 39 22 46 41 16 47 44 33 17 21 11 38 12 50 5 18 15 13 26 40 7 31 37 1 35 19 25 3 27 8 20 9 4
40 12 31 41 28 50 24 47 18 39 9 42 11 45 27 44 23 1 19 4 35 15 2 37 22 32 48 38 26 13 49 17 5 34 36 25 6 33 8 46 3 7 10 29 14 16 20 30 21 43
19 21 20 17 18 5 12 9 13 15 11 6 23 3 4 10 1 14 16 8 2 7 22 24
19 18 31 6 36 41 22 43 42 47 5 38 16 11 30 1 46 27 13 45 24 9 23 33 37 14 40 21 28 2 48 17 10 3 7 20 4 44 34 32 39 26 8 12 29 15 25 35
39 40 1 2 3 4 5 8 6 7 13 22 21 9 10 16 15 11 14 12 17 20 18 19 25 30 23 26 24 27 28 29 32 31 36 33 34 35 38 37 42 41 43 48 44 45 46 47
5 9 31 6 14 41 30 39 25 49 48 16 47 22 29 28 38 46 24 19 17 15 35 40 45 37 32 1 36 42 2 50 23 34 8 10 3 12 4 11 7 18 21 20 13 43 26 33 27 44
18 49 48 47 43 32 5 9 11 2 1 13 40 44 7 3 46 37 10 30 16 19 17 45 39 41 50 14 38 29 26 28 31 36 4 27 8 6 25 22 35 33 42 15 24 20 23 34 12 21
33 32 31 30 29 28 27 26 25 24 23 22 21 20 19 18 17 16 15 14 13 12 11 50 49 48 47 46 45 44 43 42 41 40 39 38 37 36 35 34 9 10 3 4 5 6 7 8 1 2
14 3 1 20 24 18 2 22 25 7 8 26 19 4 5 6 9 15 16 10 17 11 23 12 21 13
13 1 2 3 4 5 6 7 8 9 10 11 12 14 15 16 17 18 19 20 21 22 23 24 25 39 26 27 28 29 30 31 32 33 34 35 36 37 38 40 41 42 43 44 45 46 47 48 49 50
6 1 2 3 4 5 7 8 9 10 11 12 13 14 15 16 17 18 19 20 50 21 30 22 23 29 25 24 26 27 28 31 32 33 34 35 36 37 38 39 40 41 42 43 44 45 46 47 48 49
7 24 35 36 42 23 46 32 34 48 49 50 8 9 43 13 41 19 17 47 6 45 33 44 25 39 40 37 31 1 28 11 21 38 10 30 26 29 20 2 18 5 27 14 4 3 12 15 16 22
32 50 43 49 1 9 15 44 48 37 38 13 36 28 20 23 11 19 7 16 3 26 40 10 41 18 6 45 5 39 12 34 46 42 2 35 33 17 25 31 29 24 27 30 47 22 4 21 8 14
28 1 44 2 48 3 4 41 5 6 7 8 9 10 11 12 13 33 14 15 20 16 17 18 19 24 21 22 23 25 26 45 27 30 29 42 31 32 34 35 36 37 38 39 40 43 46 47 49 50
38 29 50 25 44 31 22 26 49 45 7 47 4 10 46 43 34 48 33 18 42 9 41 37 36 27 39 15 40 21 1 32 20 35 17 23 11 2 5 14 12 3 24 6 16 30 13 28 19 8
3 19 14 48 42 35 31 9 49 40 43 15 26 50 36 38 23 45 24 12 1 44 10 34 2 16 5 41 18 30 37 4 33 11 6 25 7 8 17 28 32 20 27 39 13 46 29 22 21 47
16 19 27 5 41 49 1 3 13 42 50 23 47 21 45 33 17 37 46 34 31 44 35 29 9 36 6 30 20 22 2 40 12 48 4 39 7 38 8 43 26 18 15 28 11 10 25 32 14 24
15 31 25 49 4 50 18 38 20 28 23 45 11 34 24 48 21 27 17 43 19 44 16 30 22 35 12 47 2 41 1 39 6 46 14 36 8 29 5 37 10 42 3 33 7 40 9 26 13 32
2 3 6 5 1 4
29 30 5 20 27 16 9 2 7 28 15 12 17 24 13 26 3 8 21 10 25 6 23 18 1 22 4 19 14 11
39 36 48 15 43 46 33 6 50 19 47 20 10 28 1 14 22 13 37 18 41 45 3 24 25 44 42 26 30 21 38 49 32 16 34 12 11 27 4 9 17 7 40 2 29 5 8 23 31 35
5 2 1 50 7 48 49 3 4 6 8 39 9 10 11 12 13 38 14 15 16 17 46 47 44 45 18 19 42 43 20 41 21 22 23 24 25 26 27 28 29 30 31 32 33 34 35 36 37 40
28 9 6 1 2 3 4 5 7 8 10 11 12 13 14 15 16 17 18 19 20 21 22 23 24 25 26 27 29 30 31 32 33 34
12 1 11 6 10 2 3 4 5 8 7 9
26 32 1 2 8 3 4 5 6 7 9 10 16 11 13 12 14 15 17 18 24 19 20 21 22 23 25 27 28 29 30 31 33 34 35 36 37 38 39 40 41 42 43 44 45 46 47 48
40 45 48 49 46 47 44 43 42 41 38 39 36 37 34 35 32 33 30 29 28 31 26 27 24 23 22 21 20 25 18 17 16 19 14 15 12 11 10 9 8 7 6 5 4 3 2 1 13 50
10 49 20 36 50 4 9 38 39 23 30 45 26 14 31 43 25 16 46 28 3 13 44 40 18 1 11 42 33 48 27 19 21 29 35 32 34 2 17 5 47 12 41 6 15 8 24 7 22 37
14 17 20 19 12 6 7 5 8 13 1 16 9 4 3 2 10 18 11 15
7 3 1 2 4 5 6 8 9 11 10 12 16 13 14 15 17 18 19 20 21 22 23 24 25 26 27 28 29 30 31 32 38 33 34 35 36 48 37 41 39 40 42 43 44 50 45 46 47 49
48 50 17 44 46 38 1 45 47 41 2 43 49 3 12 30 5 33 6 37 22 36 14 8 32 9 42 34 39 31 10 25 28 24 35 4 29 16 19 7 18 23 21 11 40 13 15 26 20 27
31 40 24 1 45 50 6 29 49 27 42 20 11 48 43 16 47 41 36 30 9 37 34 28 38 19 3 2 7 10 44 8 22 35 23 46 18 15 17 12 4 33 26 13 39 21 14 5 32 25
16 36 34 38 50 9 35 20 27 46 2 47 33 6 19 44 3 13 49 43 25 15 48 28 39 11 10 24 26 41 42 8 5 32 30 45 4 1 29 37 18 12 40 17 7 14 31 23 21 22
6 45 37 44 4 42 24 20 11 15 43 46 10 7 40 34 17 41 5 38 30 21 29 36 25 23 8 32 3 35 22 28 13 2 31 16 33 26 9 27 12 14 19 1 39 18
6 9 38 29 42 20 28 17 39 21 37 8 23 34 31 32 4 19 41 1 14 36 33 24 40 2 35 12 27 30 16 13 18 15 22 7 10 3 5 26 25 11
18 47 32 11 26 25 16 15 40 45 48 35 42 41 14 13 38 37 2 1 50 49 24 23 6 5 12 43 44 9 10 7 46 21 22 29 30 27 28 19 20 3 36 17 4 31 34 33 8 39
47 23 49 46 48 13 3 15 28 25 37 16 4 20 8 45 31 43 36 29 50 27 40 22 1 5 2 26 30 10 7 34 6 14 11 12 39 21 41 18 9 44 42 35 17 24 19 38 33 32
22 11 6 43 42 1 2 3 4 5 7 8 9 10 12 13 14 35 46 19 38 39 15 16 17 18 20 21 23 24 25 26 27 28 29 30 31 32 33 34 36 37 40 41 44 45 47 48 49 50
13 19 47 43 32 40 36 8 39 41 26 35 31 25 44 23 46 11 28 37 42 27 49 10 16 34 50 12 45 30 38 29 33 22 48 21 18 9 15 5 20 14 17 4 3 2 1 6 7 24
21 42 45 10 15 34 50 30 33 46 13 47 43 18 8 48 44 4 39 41 31 17 7 5 37 49 38 36 32 11 2 24 20 40 19 12 1 28 26 29 14 35 3 6 27 22 9 16 23 25
45 12 41 15 10 3 1 48 31 18 26 37 36 50 2 42 7 4 49 27 39 25 16 8 40 28 47 22 46 11 32 5 6 13 35 21 23 9 38 19 34 33 44 17 43 14 20 24 30 29
1 2 3 4 5 6
14 37 50 44 32 16 29 27 48 1 35 47 33 43 3 10 2 34 49 39 45 46 15 41 4 19 30 21 11 28 38 26 22 8 9 13 5 23 6 7 18 12 24 17 40 31 36 20 42 25
20 41 39 14 15 49 33 43 11 22 35 19 36 48 34 42 28 12 31 47 5 21 17 24 1 6 27 30 23 50 26 25 10 44 37 45 38 2 3 4 40 7 13 29 8 18 9 16 46 32
3 8 44 11 1 49 38 30 25 20 34 2 4 31 47 5 50 17 29 24 48 42 6 7 21 15 37 46 45 9 27 41 10 43 12 36 13 33 14 32 28 16 19 18 22 23 39 26 35 40
36 34 44 3 47 23 45 42 37 15 35 31 19 29 28 4 25 1 50 26 30 39 48 33 49 40 32 38 2 8 18 11 27 5 6 24 17 14 22 13 7 12 46 41 16 9 21 10 20 43
19 49 34 48 15 32 2 46 3 47 37 45 26 27 23 43 5 39 33 50 30 16 38 40 21 41 13 10 6 44 14 20 35 22 7 42 1 8 29 12 4 28 9 17 11 36 24 31 25 18
2 8 1 9 3 12 4 10 5 6 7 11
21 42 1 2 3 17 4 40 5 6 11 7 8 9 43 10 12 13 14 15 45 16 18 19 20 38 22 23 24 50 25 26 27 33 28 29 30 31 32 34 35 36 37 49 39 46 41 44 47 48
3 48 28 50 36 11 43 49 13 45 40 41 8 38 37 19 33 1 5 12 14 32 47 35 2 25 26 46 17 6 15 21 23 31 22 44 20 30 9 39 7 42 10 34 4 27 16 29 18 24
41 1 2 3 4 5 6 7 8 9 10 11 12 13 14 15 16 17 18 19 20 21 22 23 24 35 25 31 26 27 28 29 30 32 33 34 36 37 38 39 40 42 43 44 45 46 47 48 49 50
32 1 48 10 31 37 39 41 33 24 16 50 49 19 45 2 47 17 42 43 6 28 27 44 13 30 35 40 36 7 21 46 4 20 22 11 5 26 14 38 12 9 3 25 34 8 18 15 23 29
39 33 25 40 49 17 6 31 14 38 44 50 32 27 47 7 29 34 43 48 46 26 45 9 16 35 42 10 21 24 23 18 41 1 28 11 36 37 3 2 4 5 8 13 22 12 15 30 20 19
35 41 47 15 7 8 40 14 27 38 36 45 24 50 46 48 25 44 18 49 1 34 37 42 9 43 22 16 28 33 20 32 31 29 26 12 2 13 6 21 19 17 39 30 4 23 3 10 5 11
44 1 43 49 46 33 36 20 27 34 21 38 2 28 7 50 3 45 31 42 19 47 14 39 15 37 4 41 40 32 48 25 16 22 6 23 35 10 29 17 12 26 13 18 9 24 30 8 5 11
13 10 44 48 7 50 38 42 14 26 41 37 45 5 46 17 35 47 21 34 39 28 24 1 20 43 30 49 18 32 19 31 22 33 8 3 16 36 6 27 25 4 15 2 9 23 29 11 40 12
8 3 1 14 7 12 2 4 11 6 10 5 9 13
6 14 1 13 18 2 4 7 15 19 16 8 9 11 20 12 3 10 5 17
9 3 5 7 1 4 6 14 2 16 8 13 10 11 12 15
4 36 20 5 3 2 7 6 38 9 34 39 40 32 8 35 30 29 37 25 10 31 18 12 33 22 13 11 28 15 27 26 14 16 17 21 23 19 24 1
40 37 45 44 8 28 16 42 1 10 18 26 34 15 17 43 46 30 27 22 49 36 32 23 41 19 11 4 29 2 3 25 6 48 50 5 14 35 39 38 9 24 47 20 33 31 7 21 12 13
8 41 1 48 2 39 42 45 46 29 32 43 22 21 50 15 6 49 28 9 44 11 40 19 10 5 14 33 3 20 47 4 31 12 37 34 7 24 17 26 35 38 23 36 25 18 13 16 27 30
29 28 27 14 43 22 35 30 11 38 39 40 41 42 47 46 19 20 21 10 9 8 7 6 5 4 3 2 1 34 33 32 31 44 45 36 37 18 17 16 15 26 25 24 23 48 13 12
14 13 12 11 50 49 48 47 46 45 44 43 42 41 40 39 38 37 36 35 34 33 32 31 30 29 28 27 26 25 24 23 22 21 20 19 18 17 16 15 4 5 6 7 8 9 10 3 2 1
31 1 33 8 35 36 2 4 5 37 6 7 12 13 18 19 20 22 23 3 16 17 14 9 10 11 15 21 24 25 26 27 28 29 30 50 32 34 38 39 40 41 42 47 49 43 44 45 46 48
1 40 42 3 43 47 48 38 49 23 25 30 45 50 17 9 41 24 46 2 34 26 37 16 22 44 6 33 19 11 4 13 32 35 21 10 29 39 15 27 31 28 7 36 5 20 18 8 12 14
2 14 1 3 4 47 39 5 6 7 8 29 9 24 19 10 11 12 13 45 33 15 16 17 18 27 20 32 21 44 22 23 25 26 28 30 40 31 34 35 36 41 38 37 48 42 43 46
13 23 47 4 32 12 46 37 43 1 27 48 26 30 50 41 25 36 11 45 5 38 22 34 9 10 17 19 49 8 44 24 29 39 33 40 15 42 28 7 16 31 2 18 35 14 3 20 6 21
45 50 15 46 44 49 26 1 42 20 32 14 43 39 35 48 29 31 33 28 24 41 4 5 13 2 27 37 30 47 6 40 9 38 23 36 19 21 18 34 17 22 8 25 3 7 10 12 11 16
40 36 30 15 10 44 6 38 1 50 2 16 46 43 25 22 47 7 14 12 39 3 21 34 17 4 23 20 31 45 5 49 8 35 33 9 32 24 42 11 37 18 13 26 19 41 28 27 48 29
25 1 6 2 3 4 5 7 8 9 19 10 11 28 12 13 14 15 16 17 18 20 44 21 22 41 23 32 24 26 36 27 29 30 31 33 34 38 35 46 37 39 40 42 43 45 48 47 49 50
3 7 1 13 30 41 8 46 36 2 34 5 49 43 32 4 18 11 23 50 22 26 15 21 20 42 44 31 48 40 27 6 33 39 10 9 12 14 35 45 19 37 38 16 25 17 29 47 24 28
6 1 2 3 5 4
3 14 50 42 7 49 44 38 41 37 35 19 1 6 17 47 24 13 26 45 40 11 2 36 15 9 29 39 23 21 8 31 5 48 25 43 12 33 32 34 22 28 4 16 46 30 27 20 10 18
2 10 1 5 3 4 7 9 6 8 12 11
14 8 7 1 2 3 23 4 5 6 9 10 11 12 16 15 13 21 17 18 19 20 24 22
5 50 12 30 19 37 14 15 40 49 32 11 44 10 27 24 42 29 33 3 43 25 13 39 46 36 7 28 41 45 47 18 17 38 48 22 21 4 9 2 31 1 16 34 8 20 6 23 26 35
35 28 22 2 38 15 26 40 32 34 11 6 29 50 27 41 20 46 17 47 45 14 18 48 9 43 12 42 3 44 10 31 8 25 49 37 4 23 13 21 1 30 16 19 5 7 24 33 36 39
35 38 21 23 2 39 45 37 25 10 44 49 9 48 15 32 36 47 20 30 43 17 3 22 33 31 27 5 14 40 26 4 34 12 19 46 42 18 13 50 8 29 28 16 7 24 41 6 1 11
29 16 2 43 50 18 6 37 38 33 24 32 21 27 10 39 46 25 34 4 40 41 48 1 22 30 49 45 35 23 20 17 47 13 11 19 28 8 44 3 12 26 9 15 14 42 5 7 31 36
6 43 14 11 46 47 48 1 2 3 4 5 44 45 7 8 9 10 12 13 15 16 17 18 19 38 39 40 41 42 37 36 35 34 33 32 31 30 27 28 29 20 21 22 23 24 25 26
21 11 22 17 32 19 10 8 37 48 34 23 7 27 36 20 45 5 28 2 16 43 47 39 44 29 4 42 50 49 33 14 6 12 46 1 18 3 30 40 26 35 25 31 15 41 9 13 24 38
49 23 50 19 42 24 41 8 47 14 48 3 43 9 39 21 29 2 46 13 38 18 31 4 28 25 1 32 22 44 16 40 17 5 45 10 35 6 36 11 33 7 27 12 26 20 15 34 30 37
36 3 45 22 40 49 33 35 4 25 31 19 17 24 37 10 27 34 9 43 48 41 20 32 39 42 50 12 8 21 26 23 1 2 29 44 38 11 28 47 5 18 6 46 7 15 13 30 14 16
8 11 9 14 1 2 3 13 6 12 5 7 10 4
27 9 19 21 11 50 43 42 48 30 28 24 45 26 49 47 1 44 7 12 25 41 46 4 35 5 33 16 22 40 14 36 38 32 29 39 13 10 8 2 20 17 15 31 37 3 23 18 34 6
5 7 8 1 2 3 4 6
18 15 19 22 1 45 48 4 2 3 6 5 7 10 8 9 13 16 12 11 14 44 17 47 20 21 25 28 24 23 43 46 42 39 26 27 31 34 30 29 32 33 37 40 36 35 38 41
34 43 47 13 42 10 3 5 45 25 17 49 33 20 29 50 11 46 14 6 24 21 15 40 16 1 28 36 4 27 2 26 48 22 44 35 38 12 7 18 32 19 37 8 31 9 23 30 39 41
14 1 12 21 18 17 22 5 16 11 10 13 8 7 26 25 2 23 3 20 15 24 19 4 9 6
19 46 11 38 27 6 35 36 37 1 2 3 4 5 7 8 9 10 12 13 14 43 22 21 20 15 16 17 18 23 24 25 26 47 48 28 29 30 31 32 33 34 39 40 41 42 44 45
25 11 22 47 48 41 45 6 44 34 43 21 4 5 29 35 3 28 38 42 33 32 24 15 26 40 30 14 1 13 12 18 46 37 31 16 8 23 2 7 20 27 9 36 19 17 39 10
40 1 27 2 50 3 49 4 48 5 28 6 29 7 30 8 47 9 31 10 46 11 32 12 45 13 33 14 34 15 35 16 36 17 44 18 43 19 37 20 42 21 38 22 41 23 39 24 25 26
24 40 45 1 47 44 38 27 26 42 15 9 49 39 34 36 48 7 50 33 37 11 2 13 35 46 3 20 10 14 32 31 30 23 25 41 29 19 4 16 22 17 6 5 28 12 18 21 8 43
43 46 1 2 3 6 4 45 5 12 37 20 29 36 21 44 13 28 7 8 9 10 39 40 41 42 19 22 33 34 31 32 35 38 47 48 27 30 23 24 25 26 17 18 15 16 11 14 49 50
29 19 45 20 33 25 27 24 28 7 40 8 34 11 47 17 38 23 48 3 50 10 43 22 26 18 44 16 37 14 30 15 42 21 1 35 12 39 4 2 41 13 32 5 46 6 36 9 31 49
30 49 17 26 47 23 21 20 15 44 35 24 18 37 34 11 27 50 39 4 45 41 1 10 36 7 43 40 31 8 46 48 2 25 3 14 6 5 22 16 9 33 28 19 12 38 42 29 13 32
26 1 27 25 29 2 49 24 50 17 30 6 3 45 23 43 8 28 7 41 10 47 11 42 13 46 20 48 4 40 14 44 22 33 9 32 21 5 39 19 37 16 36 12 35 18 15 34 31 38
3 1 8 2 4 7 9 5 6 10
40 33 44 11 1 16 49 2 45 3 50 17 10 47 24 41 6 43 38 37 4 35 46 23 14 29 42 25 48 15 28 19 32 27 8 13 30 5 18 31 26 9 7 12 39 22 21 34 20 36
19 14 1 2 3 4 5 6 7 8 13 12 10 11 9 15 16 17 18 20 21 22 23 24
25 40 47 32 49 34 11 42 45 14 23 38 9 12 29 30 35 48 41 4 31 44 43 2 13 22 15 16 1 36 39 3 28 7 46 21 20 19 26 27 8 33 18 17 6 5 10 24 37 50
11 19 44 6 9 46 37 24 42 18 32 17 16 14 1 39 33 47 28 30 12 40 48 15 43 7 36 23 4 2 29 45 20 10 22 41 25 3 26 5 8 31 34 27 21 35 13 38
14 21 12 3 22 2 10 11 18 4 8 1 9 19 5 7 17 20 6 15 13 16
28 50 25 27 44 49 45 48 20 3 38 47 17 6 32 9 31 18 16 14 42 4 43 39 35 40 8 37 41 34 1 30 24 15 26 10 2 29 22 21 46 5 7 36 33 19 13 12 23 11
12 11 14 15 3 2 1 28 24 29 30 23 27 26 25 4 5 6 7 8 9 10 19 21 22 16 13 17 18 20
28 31 1 38 33 32 27 18 2 21 48 13 22 39 34 35 44 19 24 43 42 25 50 37 12 45 36 3 30 29 40 47 8 7 14 17 4 49 16 15 26 41 46 11 5 20 9 10 23 6
13 16 15 12 8 14 11 5 3 10 9 6 1 7 4 2 17 18 28 31 32 29 22 24 30 27 21 19 26 25 20 23 33 34 44 40 46 35 42 41 36 37 43 38 45 48 39 47 49 50
35 37 44 21 29 42 47 22 23 31 49 1 19 34 14 24 36 5 39 13 20 15 6 40 9 11 7 45 8 50 32 2 48 41 28 27 30 25 33 26 17 18 43 3 10 12 16 4 38 46
36 38 45 41 43 19 30 49 13 32 5 29 44 40 22 33 46 47 27 35 37 8 34 48 18 39 42 25 12 50 3 26 16 23 1 21 20 11 2 6 28 14 4 10 15 7 31 9 17 24
17 21 20 9 36 35 39 38 37 34 33 32 1 2 3 18 19 25 29 31 30 5 6 4 7 14 8 12 13 23 22 10 11 28 27 15 16 40 24 26
10 38 49 4 1 44 33 11 29 2 45 13 31 7 23 34 39 20 48 41 5 50 24 37 21 35 36 43 40 46 25 17 47 9 26 42 32 16 12 28 27 6 18 30 3 19 15 8 14 22
14 12 44 47 1 23 40 39 38 42 36 9 28 49 48 41 26 18 45 35 34 17 32 31 2 27 3 30 22 15 50 16 33 29 24 37 46 6 4 20 7 19 5 13 8 25 10 43 21 11
28 1 2 3 4 5 6 7 8 9 10 11 12 13 14 15 16 17 18 19 20 21 22 23 24 25 26 27 29 30 31 32 33 34 35 36 37 38 39 40 41 42 43 44 45 46 47 48 49 50
3 2 1 24 23 22 21 20 19 6 11 14 15 16 17 18 4 5 7 8 9 10 12 13
19 32 3 40 1 36 41 15 38 39 28 34 42 6 9 16 14 24 25 43 17 2 48 23 47 50 37 20 30 10 11 31 13 33 49 12 5 4 45 44 21 7 29 18 8 22 35 26 27 46
2 34 25 39 50 27 30 14 47 33 44 45 41 3 38 48 37 26 15 40 36 1 12 8 31 7 46 32 42 11 43 21 49 24 4 29 20 22 6 5 35 16 9 13 10 23 28 17 18 19
1 2 3 4 5 6 7 8 9 10
49 1 42 2 3 4 28 24 5 6 44 11 34 13 38 10 7 46 18 8 41 9 12 40 25 35 14 33 15 16 30 19 27 22 32 21 17 39 20 50 23 48 26 29 31 36 37 43 45 47
43 42 41 1 2 3 4 5 6 11 38 46 27 35 30 14 13 9 8 7 10 12 15 16 17 21 20 24 25 29 18 19 48 44 22 23 26 36 40 28 32 31 33 37 34 39 45 47
7 39 1 2 3 4 5 6 38 12 13 26 25 24 40 8 9 10 11 43 14 15 16 17 18 19 20 21 22 23 48 30 29 28 27 42 31 32 33 34 35 36 37 41 44 45 46 47
3 8 1 5 2 4 7 6
25 46 48 43 31 27 35 44 19 40 50 34 45 39 22 14 36 49 3 42 10 37 21 32 30 16 47 29 9 23 12 28 24 41 20 13 33 11 7 15 18 26 2 38 8 5 1 17 4 6
29 28 27 1 2 3 4 5 6 7 8 9 10 11 12 13 14 15 16 17 18 19 20 21 22 23 24 25 26 30 31 32 33 34 35 36 37 38 39 40 41 42 43 44 45 46 47 48
2 1 23 3 4 13 37 42 5 15 6 47 7 26 8 35 48 46 36 9 11 17 10 49 16 32 12 45 30 39 40 31 44 28 14 29 19 18 50 20 33 21 24 38 43 34 22 27 25 41
1 6 2 3 4 5
24 42 36 10 34 11 6 22 26 3 46 17 25 39 37 43 35 40 41 44 28 21 23 27 5 4 16 14 2 31 18 45 33 29 30 1 19 38 12 7 8 9 15 20 13 32
4 3 2 1 10 9 8 7 6 5 44 43 11 46 47 48 15 14 35 22 19 38 27 30 29 28 45 42 41 40 39 34 33 32 31 26 25 24 23 20 21 18 17 16 37 36 13 12
42 22 37 2 40 25 48 16 44 24 50 23 49 12 45 10 41 3 46 21 27 20 39 9 34 13 43 8 29 15 26 11 1 31 14 33 19 32 17 30 18 38 7 4 36 5 28 6 47 35
33 16 45 47 48 29 42 20 44 34 14 10 12 49 40 37 39 1 50 41 38 36 5 2 46 8 4 32 35 31 43 28 26 27 25 3 18 30 15 21 24 11 17 9 22 7 13 19 6 23
5 37 50 48 12 39 19 43 44 8 49 24 34 15 46 30 6 1 23 9 13 35 17 42 2 3 47 4 38 7 20 31 28 32 45 22 41 10 33 26 40 21 27 25 11 14 16 18 29 36
1 4 2 3
23 24 25 22 9 2 21 4 19 26 17 18 13 6 11 8 15 1 3 16 7 10 5 14 12 20
4 5 1 31 35 22 45 20 14 34 2 33 23 17 29 46 39 9 6 30 27 7 49 25 11 3 24 47 48 42 12 43 8 37 26 40 15 36 32 10 19 41 16 38 50 13 18 21 28 44
28 25 1 40 37 36 18 23 47 8 45 7 5 3 33 12 50 13 21 9 46 22 26 11 48 4 49 19 10 39 6 14 15 24 2 32 44 16 42 29 30 20 34 31 41 17 43 35 27 38
35 6 50 23 34 25 49 21 41 18 44 9 47 2 28 14 39 24 38 5 36 15 31 10 33 17 48 16 27 12 30 22 37 11 46 8 42 13 1 40 4 26 19 3 32 20 29 7 45 43
26 1 24 45 41 2 28 3 32 4 44 30 42 5 6 25 29 7 31 8 43 9 10 11 12 13 14 15 46 33 16 17 49 23 18 19 48 20 37 21 35 22 27 34 36 38 40 39 47 50
24 47 13 6 16 9 22 11 1 48 2 10 45 3 41 4 5 14 7 44 8 12 37 15 20 17 18 19 36 28 21 29 31 35 50 34 23 32 25 26 39 30 49 27 33 38 40 42 43 46
45 10 37 2 47 22 28 20 50 9 33 7 27 4 42 6 49 1 30 18 46 3 35 21 38 5 29 24 48 13 44 14 43 8 40 17 26 15 34 19 36 11 31 12 41 25 32 16 39 23
35 6 43 44 48 47 1 5 4 8 9 13 12 16 17 21 20 24 23 2 3 14 27 22 11 30 19 46 45 41 40 36 37 38 7 10 39 42 15 34 33 32 28 29 25 26 18 31
5 25 26 24 7 1 4 2 3 16 6 15 19 11 8 9 10 13 14 20 12 17 18 21 22 23
2 8 11 5 1 7 12 15 20 23 17 24 27 32 36 39 44 47 41 48 43 46 42 45 33 29 25 31 35 40 34 30 28 22 18 13 9 16 19 21 26 38 10 6 3 4 14 37
7 1 16 3 9 2 6 17 14 11 18 4 10 5 8 12 15 13
19 29 17 47 13 20 50 43 25 40 45 1 48 2 5 41 23 16 35 30 36 27 7 15 10 39 49 22 44 18 33 46 6 42 26 9 32 28 3 37 31 14 8 4 34 11 12 24 21 38
1 45 3 2 37 5 8 39 50 46 49 42 15 16 33 4 48 31 7 23 47 18 19 20 43 27 38 24 26 10 21 14 12 44 34 40 36 28 41 25 11 13 17 30 9 22 35 29 32 6
25 23 1 48 24 47 2 3 4 5 43 7 6 42 8 40 10 38 9 39 22 28 20 11 37 13 12 36 14 15 33 16 34 17 31 19 29 18 30 21 27 26 32 35 41 44 45 46
1 49 24 3 35 16 28 31 15 38 27 47 20 50 44 42 23 37 39 48 30 2 17 18 12 4 5 46 26 21 32 13 43 33 11 45 40 29 36 7 10 8 9 19 6 14 22 25 34 41
41 1 2 3 4 5 6 7 8 37 9 10 16 11 22 12 13 14 17 15 18 19 20 21 23 24 25 26 27 28 39 29 30 31 46 32 33 34 35 36 38 40 42 43 44 45 47 48 49 50
44 12 50 46 49 48 47 6 43 45 13 20 36 39 41 34 26 27 38 2 40 32 33 28 37 9 11 14 42 10 21 3 29 30 7 23 16 24 35 31 4 22 15 1 25 5 8 17 19 18
4 2 1 3 7 5 8 6
7 6 5 49 4 48 47 2 46 3 11 10 45 44 42 41 40 43 12 8 13 37 38 9 39 36 16 35 34 31 33 30 29 28 32 14 18 17 27 15 19 24 26 23 22 21 20 1 25 50
16 19 30 27 2 21 12 1 18 25 14 31 32 35 20 29 36 9 10 7 34 15 28 3 8 13 26 17 4 33 5 22 23 24 11 6
29 27 31 40 48 42 9 46 45 20 47 39 34 44 36 1 7 33 24 25 4 28 38 17 10 23 19 8 32 22 43 16 35 6 18 14 30 2 15 41 26 12 11 37 3 5 13 21
26 17 30 47 35 10 48 49 40 45 29 46 43 44 41 32 39 21 50 23 33 6 38 34 28 14 37 12 13 9 42 11 31 22 27 19 24 15 25 36 8 4 18 1 16 7 2 3 20 5
6 1 2 3 4 5 18 7 8 9 10 11 12 13 14 15 16 17
11 47 48 3 50 1 6 2 7 13 14 4 44 39 9 49 23 5 45 46 8 10 17 38 12 43 16 15 36 18 31 37 19 35 42 33 24 28 27 32 41 20 34 22 21 29 26 25 30 40
36 1 2 3 4 5 6 9 7 8 10 11 12 13 14 15 18 16 27 17 19 20 32 21 22 23 31 24 37 25 46 26 28 39 29 30 33 34 35 38 40 43 41 42 44 45 47 48 49 50
50 16 46 23 37 17 34 6 40 15 48 7 26 24 45 3 39 21 35 20 29 12 43 14 44 25 42 22 1 49 2 38 5 36 19 31 13 32 10 33 18 47 8 28 11 41 9 4 27 30
18 6 46 37 1 33 4 28 20 2 38 39 3 14 44 24 36 42 35 29 40 5 21 11 12 7 19 10 8 25 13 41 16 32 9 17 15 27 22 26 23 30 31 34 43 45
31 41 26 1 8 46 34 44 40 11 10 33 18 17 38 24 45 29 37 43 30 13 22 42 35 20 6 5 39 16 28 36 25 15 19 21 7 9 4 23 2 3 12 32 14 27
37 36 46 50 1 47 43 49 42 26 27 10 33 41 31 7 23 28 25 48 39 44 20 3 15 4 35 45 29 40 21 13 16 22 2 6 8 12 30 11 5 9 34 32 38 18 14 17 19 24
50 42 44 27 37 19 40 39 24 5 2 47 29 7 1 13 43 23 8 32 26 49 34 48 45 25 15 4 33 41 18 20 16 10 38 36 31 46 12 35 17 21 9 30 6 3 28 11 14 22
13 14 20 23 1 4 5 25 26 9 19 11 8 3 16 15 6 2 12 7 24 21 22 10 17 18
13 20 29 25 23 10 1 9 12 17 22 24 26 16 11 27 30 19 3 21 2 4 6 5 18 28 8 14 15 7
2 3 1 12 11 10 21 20 19 30 29 28 39 38 37 44 43 4 15 14 13 24 23 22 33 32 31 42 41 40 5 6 7 18 17 16 27 26 25 36 35 34 8 9
21 47 37 20 39 45 13 49 48 31 30 42 50 22 44 29 8 36 32 12 28 38 46 18 43 40 27 3 17 26 16 33 7 24 41 6 9 19 15 5 10 14 25 4 1 34 35 2 11 23
9 45 1 47 12 49 37 41 39 27 20 2 40 6 32 35 31 3 33 43 25 18 7 36 4 46 5 42 26 11 38 10 14 48 28 50 15 29 44 34 8 17 13 16 19 24 23 21 22 30
29 45 50 16 13 21 46 37 47 49 40 48 44 8 38 31 23 42 30 41 4 32 1 36 2 35 39 3 34 18 27 43 11 5 12 33 28 24 26 10 6 25 15 19 20 14 7 22 9 17
27 49 48 4 33 46 6 29 26 50 35 44 36 23 47 13 10 12 42 45 30 40 25 1 24 9 16 37 34 41 18 7 14 38 20 21 39 22 2 8 3 43 19 15 28 5 11 32 17 31
43 44 42 27 49 34 35 22 4 26 48 45 5 23 37 28 41 40 47 9 13 50 17 16 30 39 19 20 6 8 36 10 11 21 24 33 7 2 31 32 18 14 25 3 1 46 12 15 29 38
21 38 13 29 26 4 23 32 10 18 47 2 8 46 36 45 17 42 48 33 28 3 43 31 50 27 30 16 22 49 19 39 11 12 41 1 37 44 5 35 34 20 14 40 25 24 7 9 6 15
34 5 2 23 13 28 41 10 40 33 15 9 27 35 17 39 6 22 12 47 24 29 18 11 8 38 1 7 3 19 43 4 44 30 14 46 31 25 26 16 20 21 32 36 37 42 45 48
30 31 1 2 3 4 5 13 9 17 45 25 33 41 21 37 29 28 6 7 43 42 8 48 10 11 12 47 46 44 14 15 16 18 19 20 39 40 38 34 22 23 24 26 27 32 35 36
2 12 30 19 21 14 22 27 6 32 29 10 13 17 26 31 28 3 24 23 20 15 25 9 18 1 16 4 11 7 5 8
21 1 25 2 3 4 5 6 7 8 9 10 11 12 13 14 15 16 17 18 19 20 22 23 28 26 50 24 27 29 30 31 32 33 34 35 36 37 38 39 40 41 42 43 44 45 46 47 48 49
20 24 8 18 3 15 22 1 2 23 26 6 4 13 21 19 7 25 12 16 11 5 14 9 10 17
20 33 16 5 48 1 2 45 36 15 50 23 46 49 42 47 3 14 31 28 29 4 43 34 41 30 37 26 39 10 7 44 27 6 19 38 13 8 21 24 25 9 11 40 12 35 22 17 32 18
1 6 2 5 3 4
