28 22 25 24 27 23 26 29 21 2 10 5 9 3 8 4 1 6 7 30 12 19 18 20 11 14 16 15 13 17 42 45 41 49 46 47 43 48 44 50 33 35 39 40 37 38 34 36 31 32
32 33 23 22 17 47 6 49 28 10 37 9 48 41 8 13 39 16 4 50 15 2 19 44 31 34 35 3 18 38 42 21 26 45 46 5 11 25 20 40 36 43 27 24 12 30 29 1 14 7
12 6 19 4 7 32 20 25 8 24 39 34 17 23 48 3 11 43 40 2 26 50 5 22 29 42 14 38 21 49 30 31 46 33 47 27 15 35 28 44 18 1 41 16 45 9 36 10 13 37
29 30 7 2 19 42 48 22 11 38 39 28 23 15 10 21 49 24 40 4 46 13 26 3 37 6 44 12 27 34 41 8 9 17 45 18 14 43 36 50 25 16 31 5 33 20 35 32 1 47
5 1 2 4 6 3
27 12 5 8 10 29 19 23 1 9 28 18 25 22 17 13 7 16 6 3 20 2 11 21 24 14 4 15 26 30
3 5 7 2 1 6 8 9 10 4
35 45 17 32 7 13 26 22 11 40 24 50 37 12 23 9 2 6 31 33 28 3 47 38 34 27 41 16 48 21 8 15 10 39 43 29 30 44 42 19 36 14 25 18 46 20 49 4 1 5
2 3 4 5 6 1 8 9 10 11 12 13 14 25 24 20 21 22 23 15 16 17 18 19 28 27 26 7
4 36 19 42 30 16 21 5 44 26 8 12 34 48 41 11 3 39 25 17 22 23 9 6 18 15 45 14 38 20 50 37 13 28 43 7 33 2 10 27 32 46 31 24 47 49 35 1 40 29
19 18 20 21 22 23 24 40 32 17 33 34 35 36 37 38 39 31 30 29 28 27 26 25 8 7 6 5 4 3 2 1 16 15 14 13 12 11 10 9 41 42 43 44 45 46 47 48
13 16 36 24 12 18 23 41 3 20 33 8 30 40 7 27 42 26 21 2 34 46 32 5 17 35 10 48 31 29 49 19 22 37 50 38 28 9 39 43 4 47 44 45 11 15 1 14 25 6
1 2 26 27 28 3 4 5 29 31 30 6 7 8 32 33 34 10 9 11 35 36 37 12 13 14 38 39 40 15 16 17 41 43 42 18 19 20 44 45 46 22 21 23 47 48 49 24 25 50
1 10 17 15 13 3 4 5 9 8 19 7 22 11 6 38 2 12 45 41 24 28 25 32 23 33 27 31 18 26 16 14 21 29 20 36 30 37 40 42 47 44 50 49 48 39 43 34 35 46
28 29 30 27 26 25 24 23 22 21 20 19 18 17 16 15 14 13 12 11 10 9 8 7 6 5 4 3 2 1 31 32 33 34 35 36 37 38 39 40 41 42 43 44 45 46 47 48
1 4 16 15 7 10 5 12 9 20 18 6 11 2 8 17 14 13 19 3
1 2 3 4 5 6 7 8 9 10 11 12 13 14 15 16 17 18 19 20 21 22 23 24 25 26 27 28 29 30 31 32 33 34 35 36 37 38 39 40 41 42 43 44 45 46 47 48 49 50
33 45 38 6 41 9 44 22 14 43 31 28 7 4 18 3 50 8 40 34 19 49 39 26 5 20 32 46 36 42 17 29 13 24 47 27 2 10 23 16 15 37 1 21 12 35 30 48 25 11
10 43 11 41 20 13 25 23 39 33 35 42 19 45 44 5 7 46 17 37 3 14 6 27 4 47 36 31 1 2 15 48 12 21 24 50 38 9 40 34 18 49 28 26 30 32 29 16 8 22
17 3 38 32 2 21 30 13 35 40 49 9 23 12 10 24 25 50 18 36 7 37 39 47 16 48 33 45 42 43 4 14 28 8 11 31 5 44 19 27 20 15 46 29 26 34 22 1 41 6
9 2 1 3 4 5 6 7 8 10
43 13 31 1 25 19 37 7 9 45 15 33 3 27 21 39 46 41 23 16 34 4 28 22 40 10 12 48 18 36 6 30 24 42 29 5 35 17 47 11 8 44 14 32 2 26 20 38
4 40 38 49 24 33 48 8 14 3 44 21 43 20 36 19 29 37 23 18 26 45 2 46 41 11 28 12 7 42 1 31 10 39 17 32 30 15 47 34 13 35 50 16 27 25 9 6 5 22
7 8 4 3 6 5 2 1 14 15 16 12 11 13 10 9 22 23 24 20 19 21 18 17 30 31 32 28 27 29 26 25 38 39 40 36 35 37 34 33 46 47 48 41 42 45 43 44
7 18 49 24 35 33 9 43 6 8 48 44 38 34 45 31 10 26 28 16 5 22 13 21 4 23 40 41 19 1 15 11 3 46 50 25 37 17 29 32 14 39 47 20 27 30 42 12 2 36
3 26 23 10 18 2 11 7 24 8 16 9 6 20 14 1 5 21 13 4 17 22 15 25 12 19
11 12 3 8 1 5 7 15 4 16 9 6 14 10 2 13
20 19 18 17 15 16 2 1 3 7 8 9 10 11 12 13 14 6 4 5
9 8 41 27 14 39 45 42 10 17 7 49 19 21 18 34 29 44 2 5 6 31 43 33 3 22 16 40 1 11 32 25 23 35 24 12 26 50 13 47 20 36 15 38 48 37 4 46 28 30
15 47 33 28 41 23 6 44 21 5 7 16 34 2 50 25 32 36 37 40 19 30 1 35 20 17 46 39 9 48 3 8 4 26 42 31 12 43 14 29 49 11 18 24 27 38 45 22 13 10
3 7 1 8 6 2 5 4 9 10 13 17 11 18 16 12 15 14 19 20 23 27 21 28 26 22 43 49 45 42 50 44 48 46 47 41 40 39 34 35 32 36 38 31 37 33 30 29 24 25
36 28 13 22 38 48 29 1 5 2 12 50 26 39 33 46 10 7 45 21 8 16 40 15 17 31 32 19 3 35 44 25 14 37 49 23 18 27 47 20 34 24 30 11 9 6 41 42 4 43
6 10 5 7 4 1 9 8 2 3
5 1 14 12 15 9 10 6 26 17 36 31 46 45 48 32 39 38 49 34 35 33 42 40 43 37 50 41 25 44 29 47 22 27 11 16 4 8 2 3 28 7 24 23 19 20 18 21 13 30
1 2 3 5 4 6
8 4 1 16 15 2 3 11 10 9 7 6 5 14 13 12
49 48 47 46 45 44 43 42 41 40 39 38 37 36 35 34 33 32 31 30 29 28 27 26 25 24 23 22 21 20 19 18 17 16 15 14 13 12 11 10 9 8 7 6 5 4 3 2 1 50
34 35 50 24 49 10 5 18 1 48 7 38 8 6 3 4 37 30 17 33 31 2 20 32 27 16 25 36 19 44 23 41 40 9 21 28 29 13 14 11 47 39 42 15 45 12 26 43 46 22
25 26 2 28 4 30 6 32 8 34 10 35 9 33 7 31 5 29 3 27 1 36 11 37 12 38 13 39 14 40 15 41 16 42 17 43 18 44 19 45 20 46 21 47 22 48 23 49 24 50
1 2 6 9 12 19 11 18 10 16 22 15 8 14 7 3 5 4 20 13 21 17
9 5 48 22 12 23 38 32 41 21 40 6 39 27 50 26 36 49 35 45 37 13 14 16 18 19 1 28 15 11 4 3 44 46 34 42 30 29 33 47 31 7 20 24 8 43 2 25 10 17
10 1 7 39 33 27 24 30 21 25 29 23 26 22 28 15 45 41 44 8 3 4 50 47 49 5 2 6 46 42 43 9 35 31 40 16 14 19 36 34 12 20 13 48 18 11 17 37 32 38
19 25 17 9 5 6 7 28 13 18 21 10 39 14 23 46 29 16 24 26 47 40 33 30 43 48 11 3 2 1 8 4 27 32 36 20 37 45 22 34 44 31 41 38 35 42 15 12
39 35 33 14 40 48 49 11 41 7 8 38 6 31 24 21 19 17 16 2 15 12 10 30 50 29 32 36 26 46 13 5 28 9 1 45 44 20 3 42 37 23 43 34 25 22 18 47 4 27
1 26 11 46 21 3 32 10 33 43 16 45 29 13 38 4 47 19 40 20 14 12 27 22 24 2 35 8 9 34 49 18 37 6 31 15 41 28 23 44 7 36 39 50 25 42 17 30 5 48
40 15 3 35 2 43 11 29 19 30 4 32 12 33 20 27 14 49 25 46 16 39 22 37 21 28 1 44 13 36 5 50 6 38 9 48 10 31 7 34 18 45 23 41 17 26 24 47 8 42
3 1 2 4
23 26 7 18 45 19 37 16 30 15 12 8 31 34 25 28 33 44 17 20 14 40 50 43 9 11 3 32 36 27 24 4 35 49 48 10 22 6 38 13 46 29 21 5 1 39 2 47 42 41
33 22 12 47 29 20 31 2 30 11 34 37 16 32 36 39 1 42 40 7 23 49 18 3 13 38 19 26 24 43 4 44 28 25 45 17 9 46 27 14 35 5 50 10 21 15 41 48 8 6
25 38 6 15 46 44 29 9 34 35 20 30 17 19 23 16 32 48 3 1 42 4 50 8 22 33 37 31 36 21 45 39 10 28 49 41 2 13 40 24 12 7 26 27 11 5 47 18 14 43
1 2 3 4 5 6 7 8 9 10 11 12 13 14 15 16 17 18 19 20 21 22 23 24 25 26 27 28 29 30 31 32 33 34 35 36 37 38 39 40 41 42 43 44 45 46 47 48
11 10 12 22 6 17 19 14 13 16 28 26 32 31 9 3 15 18 20 5 8 7 2 4 1 30 29 25 27 23 24 21
5 24 22 39 33 10 21 32 26 20 7 29 38 44 25 8 37 2 14 31 49 16 6 15 18 45 23 30 9 3 17 50 4 46 19 42 34 48 43 47 27 1 11 13 40 35 36 41 12 28
5 18 24 41 40 42 30 44 2 48 43 1 11 9 50 17 4 47 33 49 7 14 35 10 27 3 45 20 16 37 28 32 26 29 8 31 39 34 36 19 25 12 21 23 6 22 38 15 13 46
3 12 29 9 19 30 10 28 37 1 5 23 8 31 2 25 16 15 26 7 22 39 4 17 13 32 14 18 34 36 35 6 40 33 21 11 38 20 27 24
11 24 19 49 29 26 46 30 40 38 34 48 33 4 17 7 39 27 28 3 45 41 43 1 8 14 31 23 10 16 18 44 50 32 21 13 2 12 36 6 5 35 20 22 15 42 47 37 25 9
45 44 40 39 38 43 42 41 37 36 32 31 30 19 18 17 13 12 8 9 10 4 3 2 1 5 7 6 11 22 27 14 15 16 20 21 25 26 23 24 28 29 33 34 35 46 47 48 49 50
36 24 31 32 3 23 35 22 41 30 21 34 50 2 40 1 27 45 18 43 42 39 17 8 7 28 33 5 4 29 48 46 37 20 25 49 15 44 26 19 6 38 16 14 47 10 9 12 13 11
27 28 39 1 43 9 30 13 31 44 18 5 17 14 42 26 2 20 3 11 15 33 38 47 36 46 29 10 49 34 8 22 19 12 25 24 7 6 41 16 21 40 32 37 23 4 45 48 35 50
18 19 44 45 37 38 39 32 31 2 1 42 41 40 21 20 6 7 8 9 12 30 29 28 27 26 25 36 35 34 33 15 17 16 43 13 14 22 4 24 11 10 3 5 23 50 49 48 47 46
9 28 40 1 27 4 33 34 21 23 39 11 22 44 50 2 47 49 10 38 12 32 24 20 3 41 17 42 36 26 29 7 37 5 25 14 35 16 19 30 31 6 15 43 46 13 8 18 45 48
1 2 3 4 5 6 7 8 9 10 11 12 13 14 15 16 17 18 19 20 21 22 23 24 25 26 27 28 29 30 31 32 33 34 35 36 37 38 39 40 41 42 43 44 45 46 47 48 49 50
34 24 39 50 32 15 13 14 18 33 46 38 36 23 6 48 3 7 27 30 45 49 16 10 9 25 2 35 37 21 31 44 42 19 26 29 1 4 17 22 40 20 5 11 43 41 12 28 47 8
1 31 33 26 50 11 42 24 37 34 49 25 27 7 4 28 40 38 39 29 41 30 15 10 43 6 18 20 46 16 13 3 44 35 36 12 23 47 17 22 8 32 48 5 14 19 2 9 21 45
42 1 9 38 20 4 24 16 44 36 5 30 39 45 50 3 46 31 49 35 6 41 48 23 2 27 32 28 26 29 21 11 34 12 8 37 13 40 25 19 10 22 15 14 43 47 18 33 17 7
34 16 22 12 41 33 47 39 20 11 46 28 26 23 4 32 38 8 35 29 31 25 43 14 49 27 7 45 50 42 17 9 1 3 40 21 6 36 2 18 13 24 15 44 30 10 19 5 37 48
50 28 27 26 25 24 23 22 21 20 19 18 17 16 15 14 13 12 11 10 9 8 7 6 5 4 3 2 1 29 30 31 32 33 34 35 36 37 38 39 40 41 42 43 44 45 46 47 48 49
2 3 1 4 6 5 9 7 10 8 12 11 13 15 14 16 17 19 18 20 21 23 22 24
7 6 1 3 8 4 5 2
2 49 20 9 28 21 12 8 38 3 31 1 30 39 11 34 50 36 17 45 42 24 46 25 43 48 22 27 10 44 16 33 41 14 7 29 4 40 19 15 37 23 47 6 5 35 32 18 13 26
20 24 23 22 27 26 25 29 28 32 31 30 43 42 41 45 44 48 47 46 38 39 40 36 37 33 34 35 14 15 16 12 13 9 10 11 3 2 1 5 4 8 7 6 19 18 17 21
6 3 4 1 2 5 7 8 9 10 11 13 12 15 14 16 17 20 18 19 21 24 22 23 25 27 26 29 30 28 31 33 32 34 37 35 36 38 40 43 41 39 42 45 46 44 47 48 50 49
17 30 35 50 32 22 48 1 43 49 36 40 13 20 37 44 46 4 11 2 33 5 21 34 3 23 45 28 39 42 41 19 7 15 6 25 18 47 27 24 26 8 9 12 14 31 29 16 38 10
17 30 33 24 31 10 49 46 16 9 40 7 11 28 32 29 15 35 12 1 50 14 20 19 36 25 34 4 37 23 21 8 48 39 42 47 6 45 43 3 27 2 5 44 38 26 41 22 13 18
28 44 43 45 15 48 33 2 7 18 40 26 30 14 34 4 13 42 19 17 29 9 8 20 3 41 10 16 47 32 5 24 37 21 22 12 36 35 23 1 39 46 6 27 25 11 31 38
5 42 16 29 43 33 32 30 27 37 22 44 19 3 20 45 28 6 24 48 10 7 4 11 38 18 36 31 46 13 35 8 12 40 1 14 39 41 50 23 21 25 15 17 34 9 2 47 49 26
4 17 16 32 46 30 38 27 37 39 36 31 48 47 41 10 42 44 22 25 34 18 7 26 14 8 40 28 21 5 13 35 12 49 23 24 2 50 33 43 9 15 19 1 3 29 6 11 45 20
40 39 41 48 8 27 6 20 34 2 4 28 23 22 15 5 21 37 30 26 29 14 11 9 35 47 32 45 46 24 31 49 12 44 33 19 25 3 42 13 18 17 1 16 10 50 36 7 43 38
27 29 5 4 9 2 1 6 11 16 18 20 13 25 23 30 3 10 17 24 22 15 8 7 12 14 19 21 26 28
39 34 21 2 17 23 29 47 46 12 43 14 25 30 27 15 37 7 4 8 31 16 6 48 26 38 24 19 18 44 9 11 42 5 32 50 40 3 20 49 36 33 35 1 13 10 41 45 28 22
20 9 44 49 30 1 42 15 12 24 18 7 26 23 21 43 47 29 36 25 34 11 13 6 19 41 45 39 38 22 3 5 2 48 40 46 27 8 4 32 31 17 14 10 33 16 28 37 35 50
1 2 4 3
35 36 34 33 32 31 30 28 29 44 45 43 42 41 40 39 37 38 47 48 46 26 27 25 24 23 22 21 20 19 18 17 16 15 14 13 12 11 10 9 8 7 6 5 4 3 1 2
2 8 1 16 13 18 9 5 10 12 7 19 11 20 6 4 3 15 14 17
1 2 15 16 17 3 4 5 18 19 20 6 7 8 21 22 23 9 10 11 24 25 26 12 13 14 27 28
8 38 34 9 49 23 4 43 24 26 1 2 33 15 17 48 21 13 16 12 44 28 6 50 31 41 10 35 20 22 27 30 5 11 37 7 42 32 18 29 3 39 36 14 46 19 25 47 45 40
6 2 42 15 35 1 23 41 13 4 20 10 45 31 14 30 11 50 19 39 21 25 28 49 17 47 40 44 26 43 3 9 16 27 22 5 34 48 38 18 37 8 33 29 24 7 36 46 32 12
1 8 9 5 7 6 10 3 2 4
33 31 48 34 20 25 15 5 43 17 10 23 22 14 44 12 16 35 13 9 42 47 28 18 29 1 40 38 7 8 24 36 4 45 39 21 46 2 11 41 49 37 3 27 6 50 19 26 30 32
40 7 29 26 12 36 42 48 6 20 16 24 33 41 9 3 50 30 11 45 23 4 18 10 39 22 19 37 46 1 44 35 21 31 13 38 47 27 2 49 28 5 8 17 14 32 43 15 25 34
10 8 11 28 27 25 24 23 22 2 5 1 35 32 34 16 14 15 21 20 19 18 17 13 12 9 7 3 6 4 47 46 45 26 29 30 31 36 33 37 39 42 43 44 48 40 38 41
19 41 47 37 35 27 8 43 20 34 5 3 50 22 44 32 6 40 7 36 16 14 4 49 45 9 33 42 25 46 31 23 24 30 26 21 2 13 1 48 10 11 15 28 17 38 18 12 39 29
5 2 1 3 4 6
9 10 11 12 13 14 15 16 17 18 19 20 21 22 23 45 46 47 24 25 26 44 43 42 8 41 40 39 38 37 36 35 34 33 32 31 30 29 28 27 1 7 6 5 4 3 2 48 49 50
28 24 1 31 35 9 2 20 22 26 13 41 38 21 29 18 5 17 3 45 19 6 30 34 16 36 11 37 10 40 8 39 14 25 42 44 43 23 27 32 12 15 33 7 4 46
