26 2 28 5 14 33 17 24 23 35 36 39 44 29 8 48 40 16 32 30 42 41 49 20 50 45 10 38 27 12 21 25 43 4 3 46 15 34 13 31 18 6 22 11 1 47 9 7 19 37
28 22 4 40 11 30 16 41 17 49 7 48 15 34 19 31 10 27 21 46 5 45 18 32 20 35 9 38 12 43 24 47 1 26 8 33 6 42 25 39 2 44 23 29 14 36 3 37 13 50
28 6 47 26 46 11 50 21 42 22 30 5 29 7 31 25 32 14 41 24 35 13 36 8 33 10 45 16 39 15 49 9 34 20 48 18 37 12 38 23 44 3 40 4 27 2 43 17 1 19
24 28 18 36 50 7 32 4 48 17 15 25 3 49 27 41 6 1 33 9 19 11 43 12 21 16 34 5 35 8 31 13 47 40 38 30 29 44 39 46 37 2 14 45 26 22 23 20 42 10
22 10 29 16 37 47 49 23 41 38 4 24 14 40 15 19 42 13 5 8 12 32 21 28 36 3 31 35 1 45 9 18 33 39 2 25 50 44 7 43 6 27 11 20 17 34 30 46 26 48
10 11 9 2 1 13 16 14 6 5 4 15 12 8 3 7
21 15 34 16 6 48 45 47 1 4 3 38 29 30 14 19 5 37 28 40 10 8 42 41 46 9 23 20 31 11 17 12 49 32 43 18 25 33 13 36 22 24 7 44 35 50 2 39 26 27
41 46 3 13 15 7 21 1 33 28 6 12 39 20 10 19 17 26 38 24 11 32 42 25 2 47 48 40 22 45 4 37 50 18 9 36 16 29 5 43 49 23 34 14 8 44 27 31 30 35
29 28 27 26 25 24 23 22 21 20 19 18 17 16 15 14 13 12 11 10 9 8 7 6 5 4 3 1 2 30
50 36 49 46 47 38 44 31 42 28 35 22 25 19 20 8 9 4 16 3 7 1 6 5 11 12 10 13 15 2 14 18 17 26 21 24 23 34 33 39 30 32 27 40 29 41 37 48 43 45
2 1 4 3 6 5 8 7
3 4 15 5 36 27 18 44 25 29 8 24 40 41 1 31 16 35 28 2 26 42 39 22 37 10 17 49 30 48 9 47 34 46 45 38 20 6 50 43 7 14 12 21 19 13 11 33 32 23
44 42 30 25 17 48 37 10 11 40 39 9 13 38 3 28 20 22 1 34 14 41 24 46 35 4 26 21 49 33 16 19 27 12 47 8 36 23 29 50 15 31 5 45 6 32 43 2 18 7
12 29 48 23 49 30 27 38 4 37 19 11 2 36 25 42 41 32 26 44 15 9 1 8 16 17 7 31 35 22 6 14 50 45 18 20 10 40 43 21 13 24 47 33 39 34 3 46 28 5
16 26 14 44 27 13 40 37 11 34 43 2 4 36 33 35 47 8 45 46 24 29 28 18 38 9 1 19 7 17 42 41 20 22 10 48 21 31 49 6 50 32 12 5 15 39 25 30 23 3
11 7 5 30 8 33 36 28 9 34 17 42 15 48 40 31 13 35 41 2 4 3 32 24 16 49 22 12 6 27 29 45 23 14 19 47 21 46 37 20 18 25 50 39 44 1 26 10 43 38
15 32 3 6 35 27 10 45 17 33 20 48 21 46 11 44 37 47 29 18 8 22 5 24 16 23 30 19 13 34 49 28 39 43 4 42 9 50 31 40 36 2 41 7 14 12 25 1 26 38
3 2 1 48 4 5 6 47 31 38 37 36 32 33 34 35 27 26 25 24 28 29 30 23 39 46 45 44 40 41 42 43 11 10 9 8 12 13 14 7 15 22 21 20 16 17 18 19
1 6 2 5 3 4
37 8 2 34 14 5 3 11 24 49 10 15 36 7 48 28 43 17 21 38 9 46 19 44 4 41 16 45 27 50 39 32 22 42 25 26 35 29 13 1 30 18 23 31 6 33 12 20 47 40
32 25 21 28 35 42 19 34 24 38 30 49 23 2 39 8 20 27 33 6 36 47 17 37 7 4 50 13 18 29 26 3 14 44 1 41 45 11 9 31 22 15 46 16 43 40 5 12 10 48
24 15 31 25 44 9 42 3 16 10 37 8 35 33 27 20 38 18 36 22 26 11 13 40 7 23 5 4 43 34 6 32 17 12 14 29 2 30 39 1 41 21 28 19
1 2 3 4 5 6 7 8 9 10 11 12 13 14 15 16 17 18 19 20 21 22 23 24 25 26 27 28 29 30 31 32 33 34 35 36 37 38 39 40 41 42 43 44 45 46 47 48 49 50
23 16 3 8 11 19 9 26 24 7 1 4 17 13 14 20 18 22 21 12 6 15 2 25 5 10
19 11 4 9 7 16 8 6 15 3 1 20 18 2 17 5 13 12 10 14
22 16 36 32 23 49 29 8 42 45 4 47 41 9 44 30 31 15 37 18 25 48 2 21 12 46 17 35 19 34 26 6 11 24 3 43 7 5 14 38 33 50 20 28 10 13 1 40 27 39
35 50 19 39 22 1 18 26 6 9 48 49 28 10 46 15 44 16 32 45 7 20 12 38 30 34 4 41 17 23 36 29 11 24 14 25 33 31 3 40 37 21 42 27 43 47 5 8 13 2
23 32 30 6 37 15 46 44 34 25 43 45 21 38 35 14 13 28 29 50 19 12 18 5 47 48 2 33 36 17 26 39 27 9 31 11 3 40 20 24 42 10 7 8 41 16 49 1 4 22
28 7 29 42 23 4 36 15 27 13 41 2 3 34 11 37 20 21 44 16 14 46 9 30 10 39 6 31 45 43 50 8 47 22 33 40 19 24 18 1 32 35 48 26 38 5 25 17 49 12
4 2 6 1 10 15 30 33 9 13 18 14 20 24 8 11 16 21 28 23 29 25 36 22 17 43 19 44 26 32 27 46 34 7 41 39 31 40 12 38 45 37 47 42 35 48 49 50 3 5
1 17 48 28 41 29 4 32 20 40 2 39 24 27 34 11 50 13 8 10 6 21 31 9 14 7 16 3 5 19 18 33 46 23 47 37 12 45 49 36 30 22 38 35 44 25 43 15 26 42
7 8 5 3 2 1 4 6 46 47 48 45 44 41 42 43 14 15 16 13 12 9 10 23 24 21 20 17 18 19 11 27 22 38 39 40 37 36 33 34 35 30 31 32 29 28 25 26
27 15 47 9 23 28 12 35 10 43 42 30 26 41 20 48 33 45 3 14 5 44 16 38 49 7 36 8 31 37 19 46 2 50 11 18 24 21 1 4 29 17 32 22 13 34 39 25 40 6
40 42 10 11 12 37 20 25 43 32 50 49 22 14 47 18 13 16 39 5 46 30 15 45 1 41 38 48 8 6 36 31 2 17 23 34 3 24 21 35 19 9 27 28 33 4 44 7 26 29
39 11 50 7 16 12 36 49 40 13 47 22 44 27 5 17 38 2 3 45 20 4 30 1 8 42 24 23 9 37 18 33 6 25 14 34 15 43 19 46 31 10 48 28 21 35 29 32 41 26
7 8 4 5 1 2 3 27 28 32 31 26 25 29 30 46 45 41 42 47 48 44 43 6 11 12 16 15 10 9 13 14 19 18 17 21 20 24 23 22 35 34 33 37 38 39 40 36
14 10 11 15 8 7 6 12 1 13 5 3 4 9 2 20 33 37 35 17 18 39 28 16 46 27 19 24 30 49 42 25 34 31 26 38 23 21 44 45 32 43 36 29 41 50 47 22 40 48
20 19 11 12 13 14 15 17 16 18 21 22 23 26 28 29 27 25 24 30 10 1 2 3 4 5 7 6 8 9
20 24 18 49 44 40 14 9 32 45 31 15 19 21 27 39 28 8 22 5 33 26 37 23 4 29 46 41 10 1 2 42 36 35 12 13 6 38 50 48 3 7 17 43 34 30 25 16 11 47
49 45 35 20 30 31 1 3 41 2 5 48 8 13 43 16 33 18 19 28 25 47 46 38 39 40 10 26 24 34 29 9 17 23 27 44 15 11 36 7 21 50 14 22 12 4 42 6 32 37
47 49 6 8 31 32 23 34 25 42 15 36 33 40 37 48 41 44 11 28 19 22 4 3 14 2 12 7 16 13 18 1 20 17 30 29 35 38 21 24 9 26 5 10 27 46 43 50 45 39
1 6 11 36 9 8 43 10 35 30 24 4 42 48 16 12 38 37 46 20 32 49 15 44 14 26 28 40 2 25 27 39 45 29 22 18 41 13 23 31 17 5 33 3 21 47 34 50 7 19
28 34 37 22 31 17 33 1 42 15 20 29 9 38 48 50 25 19 35 8 3 24 49 4 23 21 39 5 40 18 12 45 6 26 47 41 44 14 11 7 2 36 46 13 32 30 16 27 10 43
9 4 6 3 7 10 8 5 1 2
30 24 26 21 29 22 25 27 23 28 6 1 4 47 19 11 20 49 48 50 17 38 31 39 8 34 33 35 15 12 14 44 41 43 3 5 7 36 9 2 10 37 32 40 16 13 18 45 42 46
2 19 33 45 37 26 27 41 29 16 5 11 30 32 18 14 39 38 40 6 8 44 50 43 47 46 23 35 17 10 20 7 13 49 3 48 24 28 21 12 9 34 42 15 4 36 31 25 1 22
40 11 37 12 48 35 13 23 17 42 4 46 30 24 39 20 21 41 28 7 9 19 44 36 6 8 22 43 14 45 10 49 31 2 3 16 5 25 26 50 29 38 27 15 47 34 18 33 32 1
17 16 15 14 13 12 18 21 37 32 2 42 29 27 11 35 25 47 41 36 22 24 4 50 48 7 49 45 6 30 1 31 28 20 26 44 5 10 33 39 43 34 19 38 3 8 46 9 23 40
4 2 38 26 11 12 30 44 28 7 25 48 40 27 3 20 6 23 41 35 39 24 49 29 32 13 33 18 9 21 1 50 15 17 19 8 45 14 36 46 31 10 34 22 5 16 43 47 37 42
37 35 43 13 47 41 26 16 45 14 46 22 34 23 8 28 49 32 39 27 25 10 15 21 5 7 6 40 50 24 38 30 48 36 31 20 33 44 12 29 11 4 1 42 17 2 19 18 9 3
9 39 11 40 30 7 29 49 36 12 35 38 24 13 19 33 44 5 17 18 32 45 4 21 37 48 22 8 26 23 15 25 20 6 14 2 3 47 46 31 10 27 1 43 50 28 16 34 41 42
31 32 23 1 4 50 48 20 21 33 6 14 19 18 42 12 45 5 30 49 3 38 9 27 46 10 25 7 40 47 29 41 2 39 26 11 44 43 16 13 17 28 15 37 35 8 36 24 34 22
33 14 26 40 9 41 18 4 36 44 49 45 30 50 3 29 35 46 43 21 19 11 5 31 47 2 48 22 1 16 42 8 24 20 10 25 39 27 34 38 13 6 28 37 7 23 17 12 15 32
1 7 17 16 9 21 14 3 13 20 6 10 19 22 5 15 11 4 8 2 12 18
20 24 23 22 27 26 25 29 28 32 31 30 43 42 41 45 44 48 47 46 38 39 40 36 37 33 34 35 14 15 16 12 13 9 10 11 3 2 1 5 4 8 7 6 19 18 17 21
8 15 6 3 39 38 33 12 5 29 45 11 2 21 14 20 32 36 44 48 30 37 24 43 40 27 19 22 34 25 1 9 17 18 23 10 13 4 42 49 16 31 50 41 46 26 35 7 28 47
2 1 3 4
3 9 5 8 2 4 6 7 1 10
5 4 8 7 6 1 2 3 9 10 15 14 50 49 43 42 41 46 47 48 44 45 40 39 33 32 31 36 37 38 34 35 30 29 23 22 21 26 27 28 24 25 20 19 13 12 11 16 17 18
18 6 38 31 47 41 35 26 8 40 17 29 11 42 33 21 2 23 44 5 19 49 50 9 1 28 32 34 25 22 16 10 39 14 15 13 12 43 3 24 46 7 37 36 30 45 20 27 48 4
21 13 1 45 7 12 25 5 2 34 26 29 14 48 37 20 11 47 40 41 15 49 50 32 10 9 18 46 33 36 17 4 24 28 22 42 8 43 23 35 44 6 30 27 16 38 39 19 31 3
1 2 26 27 28 4 3 5 29 31 30 6 7 8 32 33 34 10 9 11 35 37 36 12 13 14 38 39 40 16 15 17 41 43 42 18 19 20 44 45 46 22 21 23 47 49 48 24 25 50
44 1 20 6 2 43 23 49 37 14 45 35 36 5 9 34 47 31 21 48 27 29 10 17 24 8 26 4 15 18 7 33 11 13 39 32 38 46 50 22 3 19 28 41 40 25 30 12 16 42
3 1 2 4
40 5 49 28 23 46 45 17 26 1 9 42 3 50 24 13 34 39 7 19 6 48 35 22 10 15 38 25 21 47 37 16 44 30 8 27 29 33 14 31 4 43 20 32 18 2 41 36 11 12
38 39 40 41 42 43 44 45 37 36 35 34 33 32 31 30 29 28 27 1 2 3 4 5 6 7 8 9 10 11 12 13 14 15 16 17 18 19 20 21 22 23 24 25 26 50 49 48 47 46
6 16 19 21 25 17 28 12 7 38 36 30 37 40 10 2 39 14 27 24 20 15 4 1 34 26 18 31 9 22 23 13 35 5 3 11 32 8 33 29
1 3 2 4 6 5 7 9 8 10 12 11 13 15 14 16 18 17 19 21 20 22 24 23 25 27 26 28 30 29 31 33 32 34 36 35 37 39 38 40 42 41 43 45 44 46 48 47 49 50
40 3 19 2 20 4 34 46 39 33 31 37 26 14 32 24 41 22 29 7 12 8 36 17 23 30 43 21 48 5 16 27 49 18 35 25 42 6 10 38 1 11 44 9 15 47 28 45 13 50
1 8 33 10 15 49 36 17 46 24 25 12 32 40 48 47 29 31 34 9 21 30 19 38 45 16 2 18 11 13 28 3 4 5 20 7 35 22 14 44 50 27 6 42 41 39 37 23 43 26
4 6 1 8 5 2 7 10 3 9
9 5 6 7 8 12 11 10 22 21 25 18 19 20 16 15 14 13 17 50 4 3 2 1 23 24 28 27 26 33 29 30 31 32 36 35 34 41 37 38 39 40 44 43 42 49 45 46 47 48
24 17 35 48 44 13 6 34 23 9 33 39 16 45 1 26 5 50 29 46 36 31 11 49 27 2 20 4 10 8 41 42 19 43 3 21 15 30 25 37 47 14 22 18 7 40 28 38 32 12
7 8 4 5 1 2 3 22 23 24 20 21 17 18 19 30 31 32 28 29 25 26 27 14 15 16 12 13 9 10 11 6 46 35 34 33 37 36 40 39 38 43 42 41 45 44 48 47
9 4 3 11 12 15 8 14 16 7 17 2 18 13 10 1 6 5
23 15 11 5 21 22 24 9 3 26 10 13 18 12 6 16 19 4 17 20 7 2 25 27 8 14 28 1
26 4 2 23 32 5 12 29 13 19 36 25 39 9 24 6 27 34 33 7 10 20 14 21 3 15 22 1 18 40 35 16 17 30 11 31 28 38 8 37
33 16 14 29 34 1 25 17 43 49 37 23 31 21 32 35 28 6 38 15 18 9 5 4 44 12 11 2 45 19 27 41 50 42 26 24 10 36 20 8 39 47 3 40 48 22 13 30 7 46
33 14 27 26 46 3 10 9 47 13 12 22 20 15 40 41 4 44 25 48 16 29 2 6 18 31 36 5 30 17 49 7 43 32 50 42 19 39 35 34 24 11 21 1 45 38 8 37 28 23
2 1 4 3 8 5 6 7 10 9 12 11 14 13 16 15 18 17 20 19 22 21 24 23 26 25 28 27 30 29 32 31 34 33 36 35 38 37 40 39 42 41 44 43 46 45 48 47 50 49
14 4 19 33 47 21 13 9 26 42 23 41 39 31 2 6 20 45 49 27 11 7 15 28 48 44 8 25 18 37 38 50 22 16 12 32 40 29 3 17 1 30 43 36 24 5 10 46 34 35
24 49 1 30 50 19 14 20 26 42 8 47 27 15 2 28 12 33 44 9 29 25 43 21 5 39 6 40 4 7 41 48 18 38 34 32 23 10 11 31 16 17 45 22 37 3 35 13 36 46
39 41 44 33 27 30 22 13 36 20 19 5 8 2 12 11 29 48 9 18 10 24 21 49 50 43 45 46 4 1 23 31 42 32 25 34 7 38 6 14 3 47 17 26 15 28 16 40 35 37
36 34 19 20 40 11 25 41 31 35 18 29 17 44 32 4 42 21 22 10 43 30 7 37 45 9 6 13 50 2 14 39 8 33 28 1 16 3 47 38 27 15 5 48 23 26 46 12 49 24
18 48 50 49 10 42 12 26 32 17 34 40 46 9 24 30 47 22 44 13 19 3 15 4 1 37 35 29 2 31 45 23 14 5 36 27 16 8 6 20 43 41 25 21 33 38 39 28 7 11
3 2 29 28 27 26 25 24 23 22 21 20 19 18 17 16 15 14 13 12 11 10 9 8 7 6 5 4 1 30
21 22 26 27 28 24 25 20 23 29 30 35 31 32 36 37 38 34 33 39 40 45 44 48 47 46 41 42 43 49 1 5 4 8 7 6 50 2 3 9 10 15 14 18 17 16 11 12 13 19
34 45 27 11 24 12 39 20 42 22 46 36 18 28 5 31 1 14 35 26 6 10 3 38 17 21 25 33 44 16 30 47 49 7 41 2 37 8 43 40 4 9 19 48 32 15 29 50 23 13
2 5 6 1 3 4
9 27 38 6 43 15 37 7 20 41 21 10 5 50 18 36 34 25 47 42 39 2 22 32 30 29 44 1 11 24 23 8 12 14 26 28 46 40 13 33 48 19 45 4 16 35 3 49 31 17
8 35 16 28 5 11 41 33 26 4 7 37 12 10 20 22 42 43 36 17 46 29 1 15 27 18 24 30 9 32 45 2 31 40 25 50 38 3 14 19 39 21 47 48 6 13 49 23 34 44
28 8 9 5 29 31 10 13 25 7 19 6 3 2 16 18 26 1 17 11 15 30 20 22 27 23 4 32 12 24 21 14
31 42 40 45 15 34 50 25 13 37 48 44 30 39 49 47 14 9 36 16 29 46 18 6 38 1 19 27 41 11 4 35 12 8 26 32 5 17 43 22 20 21 2 7 24 33 3 23 10 28
3 2 1 5 4 7 8 6
47 8 50 34 26 5 13 41 11 30 28 22 24 20 40 32 48 37 9 19 21 14 10 42 46 16 2 33 27 35 23 45 17 44 4 36 38 3 39 1 31 25 49 18 7 6 15 12 29 43
3 17 40 26 4 37 10 33 21 45 9 18 31 12 27 49 15 28 38 50 11 25 48 41 13 42 22 23 34 47 36 19 46 24 32 7 5 44 35 2 29 16 14 20 30 6 1 39 8 43
2 26 22 47 13 32 30 44 34 50 5 25 39 20 4 23 1 8 41 42 19 24 28 17 38 37 48 40 21 31 29 3 33 11 7 36 46 16 49 9 18 6 45 27 15 35 12 43 10 14
15 36 18 7 13 21 50 9 29 3 24 48 12 49 47 19 17 16 38 35 25 23 1 41 44 34 39 6 30 4 22 31 20 42 43 33 32 37 11 8 45 14 5 2 46 27 40 10 28 26
1 2 3 16 15 6 7 8 9 11 10 5 4 12 13 14
9 10 2 7 4 3 8 5 6 1
1 2 7 6 5 4 3 8
9 10 5 1 2 7 3 4 6 8
26 20 16 14 10 25 3 39 9 21 8 27 12 42 32 40 31 38 6 11 33 36 18 44 13 29 43 35 37 47 15 41 22 17 48 4 7 1 23 28 46 34 30 24 45 2 19 5
11 13 43 26 24 3 49 1 37 2 40 9 10 14 50 4 36 23 12 33 21 39 34 32 44 35 15 20 8 18 45 5 16 7 41 42 28 19 17 48 31 25 30 27 6 38 46 22 47 29
6 7 4 3 1 2 5 8 11 10 9 12 13 15 14 16 17 20 18 19 21 24 22 23 25 27 26 29 32 30 28 31 33 35 38 36 34 37 39 40 42 41 43 45 48 46 44 47 49 50
49 50 25 41 43 44 9 42 40 48 45 11 13 19 7 12 20 21 26 6 15 30 39 4 16 24 36 33 46 3 22 32 28 27 34 5 10 23 37 14 18 31 38 29 1 47 8 2 17 35
19 11 23 32 25 33 15 38 2 39 26 8 37 29 4 6 47 46 7 34 36 21 35 3 48 10 1 30 20 50 13 43 22 12 5 41 14 28 45 16 49 42 44 18 27 31 40 9 17 24
24 29 44 37 36 1 27 43 2 33 46 32 7 45 22 42 8 38 10 15 25 48 13 47 50 17 49 40 26 30 35 4 9 31 39 5 21 14 11 34 3 18 23 16 12 28 6 20 19 41
7 3 8 17 19 22 2 10 5 12 15 21 1 9 20 18 4 11 6 13 14 16
20 18 14 19 12 17 16 15 13 11 30 10 8 9 2 3 7 5 4 6 1 21 27 24 26 29 23 28 25 22 35 34 37 33 40 38 31 39 36 32 46 49 44 42 47 41 45 50 43 48
3 2 6 1 5 4
3 2 1 4 5 8 7 6 11 22 23 24 21 20 17 18 19 14 15 16 13 12 9 10
11 12 10 3 7 41 48 44 45 27 32 31 42 29 23 33 13 24 21 28 16 22 19 36 30 39 47 40 38 46 43 49 50 37 25 26 17 18 4 2 9 8 1 20 5 15 6 14 35 34
36 35 49 34 44 33 27 38 26 30 47 37 39 15 16 6 9 8 20 10 17 25 21 2 14 12 48 32 41 42 28 31 40 50 46 45 29 43 7 3 11 13 1 24 4 19 5 22 23 18
43 36 41 7 44 35 25 14 22 11 9 2 48 33 8 46 6 27 30 3 5 34 4 50 28 15 40 37 42 26 19 49 12 38 31 17 16 18 21 13 24 39 32 10 29 1 23 45 47 20
37 38 14 23 49 16 13 45 42 12 41 17 39 10 35 26 50 11 40 33 9 5 29 21 25 44 46 4 34 2 28 15 32 30 47 43 8 3 19 27 31 7 18 24 48 20 1 6 36 22
6 7 16 2 4 3 10 17 11 1 9 8 5 18 13 19 20 12 15 14
33 8 7 47 18 31 21 48 28 29 5 26 27 37 24 1 22 17 45 3 42 43 19 46 36 30 10 25 39 32 35 44 14 15 16 12 4 9 20 11 6 2 23 40 38 41 13 34
20 30 47 11 18 26 24 40 12 44 48 34 31 9 29 37 8 35 5 23 13 33 3 39 25 4 17 36 2 32 45 42 50 22 15 14 46 6 41 10 43 38 7 27 19 21 28 16 1 49
1 28 11 29 25 50 4 31 5 48 47 12 41 13 27 16 32 37 18 36 2 44 30 43 40 26 9 8 22 45 7 24 35 21 19 33 20 14 42 49 15 34 39 17 3 6 46 10 23 38
49 35 5 29 18 45 25 43 21 1 17 31 30 2 28 11 16 13 10 46 36 33 39 34 23 22 9 20 41 14 19 27 6 12 8 24 38 44 3 37 7 32 42 47 48 40 4 26 50 15
6 38 32 3 28 39 24 21 23 14 27 9 40 8 31 7 36 25 18 29 22 26 30 33 12 16 5 4 1 13 35 10 34 19 17 11 2 15 37 20
22 3 5 11 16 6 13 48 8 32 25 30 36 28 39 10 29 47 18 26 34 37 15 45 20 41 40 4 9 2 17 46 12 33 7 35 49 27 23 44 42 21 50 1 31 14 43 24 19 38
45 10 25 14 16 35 34 29 1 3 39 2 21 20 9 41 30 11 5 44 42 26 6 31 36 8 37 24 32 15 19 50 17 48 22 40 13 28 7 49 43 33 18 12 27 46 47 4 23 38
10 16 25 43 40 21 30 49 23 48 26 44 15 9 1 8 35 31 7 12 29 27 20 47 33 39 34 22 32 41 42 5 28 38 4 37 19 11 2 36 46 6 17 3 24 13 14 50 45 18
3 37 32 30 29 49 40 42 17 41 5 20 26 6 27 21 7 2 48 50 31 1 23 28 16 14 13 11 19 46 44 22 33 47 39 18 4 36 45 15 9 12 24 38 43 35 25 8 34 10
10 45 44 25 30 19 42 27 49 18 9 34 40 33 13 46 5 16 32 7 39 3 14 22 11 29 23 2 17 43 6 41 36 31 47 15 26 35 20 28 24 4 21 37 12 1 8 38 50 48
40 20 19 18 22 23 24 17 41 48 47 46 42 43 44 45 21 37 36 35 34 38 39 26 27 28 29 30 31 32 25 1 8 7 6 2 3 4 5 33 9 13 12 11 10 14 15 16
1 26 2 27 3 28 4 29 5 30 6 31 7 32 8 33 9 34 10 35 11 36 37 38 13 12 14 39 15 40 16 41 17 42 18 43 19 44 20 45 21 46 22 47 23 48 24 49 25 50
25 8 17 37 10 27 12 16 38 14 30 11 33 1 9 39 35 45 13 5 50 7 26 20 32 21 40 18 29 42 22 6 23 31 24 43 36 2 48 4 15 47 49 28 19 34 46 3 41 44
14 12 19 5 11 26 38 44 31 21 48 47 34 32 43 36 27 9 35 41 18 37 40 45 33 17 42 16 8 50 6 24 20 39 7 23 3 30 1 10 29 49 22 25 46 2 28 13 15 4
20 8 10 21 35 9 4 40 45 16 12 30 47 33 50 38 32 25 43 44 37 39 34 29 41 31 5 1 3 42 13 19 2 6 46 28 26 11 15 18 24 17 14 36 22 23 7 49 48 27
44 19 4 14 10 11 48 27 3 35 43 15 22 26 2 36 17 30 25 7 20 9 47 29 21 37 1 28 8 5 50 42 6 46 16 32 12 39 13 40 45 24 33 34 18 23 49 31 41 38
6 4 9 14 12 17 3 7 10 19 18 13 5 20 16 11 8 1 2 15
4 27 26 25 24 23 48 47 46 22 21 20 45 44 43 19 18 17 42 41 40 16 15 14 39 38 37 13 12 11 36 35 34 10 9 8 33 32 31 7 6 5 30 29 28 3 2 1 50 49
33 34 16 15 30 31 4 3 32 27 28 22 21 13 41 47 46 8 9 39 43 42 18 17 44 50 49 10 11 12 35 7 6 5 40 45 38 23 24 36 37 29 19 20 25 26 14 48 2 1
1 27 4 26 5 29 9 31 20 49 17 35 3 33 12 34 8 30 6 28 7 21 22 42 32 11 16 36 10 39 14 37 18 41 2 38 40 43 25 50 19 15 45 48 24 46 13 44 23 47
18 13 46 39 17 40 44 12 16 45 26 2 4 32 28 43 8 35 27 6 11 41 49 47 33 38 37 15 9 50 22 34 1 19 29 42 36 5 3 14 24 48 30 21 23 20 10 7 31 25
31 27 1 3 2 26 29 28 4 5 6 30 33 32 8 7 10 34 35 36 12 9 11 37 39 38 14 13 16 40 41 42 18 15 17 43 45 44 20 19 22 46 47 48 24 21 23 49 50 25
24 43 14 42 10 15 48 1 25 35 41 38 5 37 22 3 50 28 46 4 2 47 45 29 36 7 19 49 13 6 39 40 33 34 12 8 23 9 27 20 18 26 32 16 17 30 44 21 31 11
45 9 19 3 46 37 20 11 34 1 4 44 36 49 16 27 43 14 28 6 18 22 21 39 2 42 38 12 41 48 17 7 32 23 50 25 26 35 15 31 8 40 33 5 30 24 47 10 13 29
1 26 2 27 3 28 4 29 5 30 6 31 7 32 8 33 9 34 10 35 11 36 12 37 15 14 13 38 39 40 16 41 17 42 18 43 19 44 20 45 21 46 22 47 23 48 24 49 25 50
22 23 27 28 25 26 24 29 21 4 2 1 9 5 6 7 3 10 8 30 13 12 16 19 15 11 18 20 14 17 44 43 41 50 49 45 47 42 46 48 35 39 37 40 38 33 36 34 31 32
29 2 5 16 10 30 33 40 12 4 1 32 48 3 27 39 47 41 23 21 31 37 50 19 34 38 24 49 26 6 9 22 25 42 8 15 17 35 20 36 13 46 7 18 45 28 11 43 44 14
33 12 22 19 32 6 36 30 15 29 50 1 24 23 7 45 8 48 26 41 28 18 3 9 38 31 43 40 49 46 13 39 2 5 25 20 17 35 16 14 34 4 44 21 10 47 37 27 11 42
9 7 16 3 4 12 2 5 10 11 1 13 6 15 14 8
38 48 15 33 23 27 25 21 16 49 8 35 46 30 40 45 14 41 19 34 31 32 42 10 17 2 28 11 5 22 7 39 36 6 20 12 9 37 43 3 1 13 47 50 44 4 24 18 29 26
7 3 48 36 8 40 15 19 17 35 10 47 5 2 23 41 4 22 25 50 31 43 21 18 9 16 6 11 30 38 37 26 24 13 32 29 20 49 33 42 1 12 45 44 28 14 46 27 39 34
14 20 49 28 4 13 22 25 32 16 15 17 34 50 3 12 36 37 41 30 9 33 31 1 27 43 35 21 24 6 10 29 8 19 23 18 2 47 7 26 11 5 40 44 39 46 42 45 38 48
6 14 4 26 36 29 2 35 22 25 7 12 13 32 30 39 11 15 3 34 27 5 10 19 23 24 33 1 40 21 38 20 8 16 37 28 31 9 18 17
10 34 31 9 42 23 47 21 32 43 29 12 5 16 1 49 7 14 38 28 4 45 46 41 8 25 44 11 24 48 15 6 17 36 3 39 19 33 40 18 2 22 37 35 27 26 30 50 13 20
9 3 30 2 45 22 48 8 14 16 39 50 21 43 24 11 20 36 27 19 18 7 28 23 31 12 47 6 4 32 25 1 44 29 5 35 41 33 13 38 34 49 15 26 46 10 17 40 42 37
36 15 16 35 17 34 18 33 19 32 20 21 22 23 24 25 26 27 28 29 30 31 44 50 1 2 49 3 48 4 47 5 46 6 45 7 8 43 37 14 38 13 39 12 40 11 41 10 42 9
10 27 29 30 38 26 43 7 35 19 2 15 49 50 36 1 28 45 20 32 9 21 16 13 46 37 31 40 33 24 17 11 47 48 3 22 8 34 6 12 39 41 25 14 4 42 5 23 44 18
6 26 30 14 24 43 29 3 9 40 13 46 12 45 47 15 22 38 34 49 8 41 27 5 32 48 16 31 20 2 11 37 33 35 25 18 44 42 1 28 17 4 50 10 23 7 39 36 19 21
11 10 5 8 4 3 12 1 7 9 2 6
49 45 48 33 20 4 9 36 23 21 42 30 2 6 35 3 8 10 5 24 46 27 7 15 17 26 19 34 50 1 32 47 18 29 12 41 44 40 22 39 13 38 11 25 14 43 37 16 28 31
40 26 7 31 37 50 5 18 15 13 49 32 30 42 12 38 11 21 17 47 44 33 28 23 39 22 46 41 16 8 43 10 6 48 14 45 27 3 20 1 35 19 25 36 34 24 29 2 4 9
41 31 33 6 27 45 14 28 7 22 11 21 23 36 8 20 46 32 39 18 47 43 50 17 5 49 13 24 29 12 40 38 26 4 35 15 48 42 9 37 2 25 16 30 1 19 44 10 3 34
12 9 21 19 1 10 6 23 3 4 11 15 13 8 16 14 22 2 7 17 20 24 18 5
29 35 7 23 25 28 21 33 45 12 3 46 1 22 39 41 6 36 44 9 4 40 18 26 15 10 17 8 24 16 42 48 2 13 43 32 27 30 11 34 38 5 47 20 37 14 31 19
41 44 43 48 45 46 47 1 2 20 17 16 15 18 13 19 24 21 22 23 26 25 30 27 28 29 32 31 36 33 34 35 38 37 42 39 40 14 11 10 9 12 7 8 5 4 3 6
44 4 5 9 46 18 47 32 21 22 29 28 37 45 40 10 42 36 43 14 1 23 12 3 33 6 8 26 41 34 20 38 2 11 27 15 35 31 19 17 48 16 30 39 50 7 49 25 24 13
31 36 14 6 24 25 17 19 49 42 15 38 45 4 2 11 28 26 1 8 27 43 32 22 12 46 50 20 23 29 30 16 40 13 41 48 34 3 44 7 10 37 18 47 35 33 21 39 9 5
1 2 3 4 5 6 7 8 9 10 11 12 13 14 15 16 17 18 19 20 21 22 23 24 25 26 27 28 29 30 31 32 33 34 35 36 37 38 39 40 41 42 43 44 45 46 47 48 49 50
21 4 19 1 20 5 6 17 10 13 8 26 18 2 22 24 12 3 14 7 11 25 16 15 9 23
2 4 7 40 48 1 25 8 44 42 49 15 17 43 35 16 13 45 33 36 20 19 23 32 31 27 10 11 24 30 37 28 3 9 22 34 29 47 21 12 6 38 26 50 5 14 18 39 46 41
3 10 34 31 39 9 2 8 37 32 36 6 1 5 35 33 38 4 7 30 23 28 24 25 29 22 26 21 27 40 19 12 16 46 42 45 13 14 18 44 41 43 15 11 17 47 48 49 20 50
18 2 3 24 7 34 44 4 25 47 45 23 46 40 20 29 12 17 19 50 49 39 14 5 33 32 38 35 41 8 9 16 42 30 10 1 28 26 11 21 48 36 22 15 13 27 37 31 6 43
32 50 27 16 34 18 41 11 42 23 4 38 20 31 3 46 44 8 48 30 15 2 7 35 10 40 37 24 9 14 43 33 5 17 36 12 19 21 1 47 13 39 49 29 26 25 6 22 28 45
10 41 5 11 39 21 22 6 8 29 37 36 34 42 9 26 13 16 31 40 44 47 4 50 14 2 46 20 48 18 45 33 15 25 23 43 32 38 35 27 7 19 17 1 3 28 49 24 30 12
19 4 47 43 34 16 6 31 44 45 7 13 28 22 12 3 24 30 23 17 26 15 8 38 49 11 5 35 21 1 32 20 9 41 37 36 2 14 10 29 39 40 25 50 27 48 46 33 18 42
21 4 14 48 8 39 27 37 32 20 9 31 46 3 19 33 17 1 44 11 6 10 47 28 26 50 13 29 30 18 23 38 15 43 42 35 49 36 22 40 16 2 34 41 5 25 12 24 45 7
43 18 31 30 20 27 5 28 44 32 38 45 33 26 29 9 16 19 35 12 36 22 17 37 49 46 34 11 41 1 13 39 10 2 40 8 3 4 50 42 24 48 7 23 47 14 21 15 6 25
7 24 35 27 48 13 8 20 28 15 17 6 39 40 38 18 44 29 32 21 5 33 41 1 26 2 47 16 30 22 19 43 31 9 23 45 36 25 42 12 3 46 14 49 4 50 34 11 10 37
2 4 6 3 5 1
19 4 27 16 9 2 29 18 14 22 17 24 30 5 23 13 8 1 12 11 21 7 20 6 25 3 26 10 28 15
24 25 15 17 9 46 48 47 19 6 33 1 14 22 42 26 29 8 18 37 13 40 7 34 12 50 30 28 10 20 5 44 38 21 41 45 16 39 36 35 27 4 43 11 2 3 23 31 32 49
1 2 3 4 5 6 7 8 9 10 11 12 13 14 15 16 17 18 19 20 21 22 23 24 25 26 27 28 29 30 31 32 33 34 35 36 37 38 39 40 41 42 43 44 45 46 47 48 49 50
18 16 17 19 12 20 14 21 9 24 13 30 7 32 6 28 11 26 15 22 10 27 1 25 8 29 5 23 4 31 3 34 2 33
4 10 7 12 1 11 9 6 8 2 5 3
25 23 24 18 17 15 16 10 11 13 14 20 19 21 22 28 27 26 32 31 33 34 40 37 35 36 30 29 4 3 5 6 12 9 7 8 2 1 46 44 47 48 45 43 42 41 39 38
49 48 47 46 45 44 43 42 41 40 39 38 37 36 35 34 33 32 31 30 29 28 27 26 25 24 23 22 21 20 19 18 17 16 15 14 13 12 11 10 9 8 7 6 5 4 3 2 1 50
41 15 48 27 6 23 39 7 25 38 11 1 18 40 36 46 2 31 35 28 3 20 49 10 44 33 4 50 22 21 13 30 24 9 8 34 32 19 14 16 42 17 37 5 29 45 26 47 12 43
16 3 4 9 2 10 15 7 5 8 13 17 14 1 20 19 12 6 18 11
4 14 23 34 45 50 44 5 25 46 7 41 42 18 11 31 21 30 48 16 19 27 35 39 28 13 38 9 26 40 33 36 15 1 37 2 17 47 8 20 3 49 12 32 22 6 10 24 29 43
11 40 39 5 2 20 27 42 14 36 46 35 18 23 1 22 32 17 50 26 15 13 24 38 4 29 34 30 28 47 7 9 48 25 44 43 16 45 3 19 49 8 33 6 37 12 31 41 21 10
25 49 35 48 18 27 38 10 33 4 11 5 46 14 26 3 44 17 47 19 1 45 21 39 20 43 16 15 2 13 7 40 24 37 9 8 22 50 6 32 31 23 30 36 41 29 42 12 34 28
23 21 38 50 9 26 41 43 18 12 16 36 11 47 31 40 2 46 39 22 28 1 29 37 24 15 25 10 8 42 7 45 4 44 3 19 6 33 49 13 48 5 32 30 14 20 35 17 27 34
25 5 7 37 26 33 13 28 35 22 16 41 2 31 17 3 32 8 23 34 6 29 36 21 40 1 39 12 27 9 10 19 42 24 20 15 11 43 46 44 4 45 30 38 14 18
15 33 36 42 20 34 29 38 10 11 40 2 3 23 8 37 21 39 17 28 7 22 1 41 32 35 12 24 19 4 31 25 26 16 14 13 18 9 6 5 30 27
15 16 33 34 31 32 20 19 46 21 22 30 29 23 24 49 50 40 39 9 10 11 12 5 6 17 41 38 37 43 44 8 7 45 48 4 3 36 35 2 1 14 13 18 47 42 26 25 27 28
16 37 50 31 43 3 15 28 25 19 30 26 9 29 42 44 7 34 18 27 35 4 13 32 8 20 40 14 24 17 11 12 39 45 5 1 47 23 2 41 21 38 33 22 36 6 10 49 46 48
7 8 9 10 50 49 18 17 16 15 14 43 42 41 40 39 38 30 31 32 33 34 35 46 47 48 37 36 1 2 3 4 5 6 11 19 20 21 22 23 24 25 26 27 28 29 45 44 12 13
1 2 3 4 42 37 12 17 50 26 35 9 15 28 48 14 25 44 13 45 21 22 20 39 29 33 8 41 27 49 31 38 30 18 10 16 34 36 40 32 43 47 19 23 46 11 24 7 6 5
9 30 50 2 1 12 10 15 34 25 23 46 33 43 18 16 14 7 31 35 45 3 4 32 11 22 27 6 20 42 29 39 41 47 13 48 44 36 38 24 5 19 40 28 21 17 8 26 49 37
2 42 50 40 8 35 21 5 6 13 11 23 9 30 12 45 31 33 44 48 28 46 15 41 34 19 29 7 32 47 22 24 16 38 17 1 3 10 25 37 36 26 18 49 27 4 20 39 43 14
3 2 1 5 4 6
41 4 33 20 42 36 47 21 11 44 12 18 5 13 9 8 29 14 37 50 6 32 25 22 17 40 27 24 30 7 46 15 31 23 1 35 3 43 28 48 49 39 45 34 2 10 38 26 19 16
11 44 35 19 37 47 5 28 12 42 34 8 29 13 18 2 27 14 15 10 48 25 16 46 32 36 39 41 17 20 22 23 30 45 38 1 6 24 31 9 49 33 43 21 3 4 26 50 7 40
10 35 36 46 1 11 44 8 3 13 33 28 18 32 6 37 15 21 7 20 25 34 2 39 26 42 48 24 17 29 30 40 49 38 12 4 31 47 14 43 45 41 9 27 19 16 5 50 23 22
1 50 37 24 17 6 35 12 46 43 26 44 5 20 10 32 38 2 3 47 23 9 21 11 27 42 34 36 30 39 41 29 19 16 33 48 31 8 18 28 15 22 13 7 45 4 25 14 49 40
19 35 38 16 43 20 26 28 47 37 45 21 13 3 46 2 14 17 48 12 36 11 33 31 42 25 1 34 9 6 44 8 18 15 32 4 50 30 5 39 41 24 29 49 22 7 10 40 27 23
11 7 6 5 12 10 4 2 1 8 3 9
19 46 9 43 5 25 13 23 12 6 11 8 20 38 49 24 50 41 32 31 34 33 2 3 40 4 35 28 1 22 14 17 37 7 42 21 44 39 18 48 26 29 36 10 27 47 15 45 16 30
32 47 1 42 38 10 33 17 46 19 30 40 13 28 48 35 12 5 50 2 25 27 4 37 26 34 9 18 21 20 49 44 41 8 6 24 3 7 14 16 31 22 15 29 39 11 36 43 45 23
21 19 7 37 43 35 1 3 39 41 2 8 10 40 26 24 6 13 49 47 36 18 20 12 42 34 48 5 11 33 32 46 23 15 4 38 29 31 25 17 9 44 45 30 14 16 22 27 28 50
3 15 29 17 47 2 34 25 23 42 43 44 48 9 12 36 50 16 4 46 11 13 6 8 30 35 5 21 20 7 31 37 39 40 38 14 45 22 10 28 27 32 1 19 49 18 41 33 24 26
26 23 27 32 49 2 17 6 19 42 34 3 37 35 16 9 15 4 5 43 36 24 30 29 40 7 11 10 25 47 31 50 14 8 45 48 46 20 33 12 21 13 1 28 18 41 39 22 38 44
38 36 34 11 48 1 13 22 6 32 37 30 47 42 4 15 7 26 41 35 3 10 23 28 16 31 12 2 20 33 27 29 18 44 46 24 49 5 8 40 17 9 50 25 14 45 39 21 19 43
1 44 31 49 5 47 7 23 25 36 2 28 40 43 20 24 45 29 10 35 12 42 46 8 30 11 26 13 21 19 33 17 9 14 27 34 16 15 39 41 37 4 18 50 3 22 6 38 48 32
44 14 42 7 48 28 24 1 20 43 4 5 46 2 15 31 22 34 29 27 45 19 16 10 13 36 49 30 25 47 21 41 8 23 35 17 12 40 37 3 6 11 33 9 32 18 50 38 39 26
13 1 14 7 8 3 5 9 11 10 6 12 2 4
20 11 2 18 10 5 6 14 1 13 17 8 16 9 7 4 3 19 15 12
2 15 16 13 8 6 14 5 7 12 4 1 3 9 10 11
1 3 2 4 5 14 15 13 11 8 6 7 9 10 12 18 16 17 22 20 19 27 21 23 24 29 33 32 37 28 30 26 35 34 31 25 36 38 39 40
41 23 32 47 20 4 29 2 12 35 14 13 46 30 31 38 9 24 3 25 48 6 21 44 8 28 16 49 36 43 19 39 11 42 1 18 10 5 34 33 26 15 17 40 37 45 22 27 50 7
43 17 24 12 42 39 14 41 35 48 1 27 2 45 23 3 40 44 11 21 50 18 10 19 16 7 22 30 20 47 37 34 38 33 26 6 49 5 29 32 25 8 9 28 15 46 13 31 4 36
48 47 46 45 44 43 42 41 40 39 38 37 36 35 34 33 32 31 30 29 28 27 22 21 20 19 18 17 16 15 14 13 12 11 10 9 8 7 6 5 4 3 2 1 23 24 25 26
1 2 3 4 5 6 7 8 9 10 11 12 13 14 15 16 17 18 19 20 21 22 23 24 25 26 27 28 29 30 31 32 33 34 35 36 37 38 39 40 41 42 43 44 45 46 47 48 49 50
37 7 5 3 2 30 6 48 49 46 47 42 41 8 39 40 36 35 34 38 33 32 31 1 29 28 27 26 25 24 23 22 21 20 19 18 13 12 11 15 17 16 14 10 9 4 43 44 45 50
32 1 18 12 28 42 3 43 31 23 11 49 39 10 44 6 27 15 25 30 45 7 16 37 46 14 47 33 19 29 9 34 26 36 38 48 5 20 41 24 4 13 40 2 8 22 21 35 17 50
5 34 2 14 43 20 32 6 7 17 26 35 15 33 22 3 45 21 44 4 13 46 48 47 39 37 25 42 9 19 24 16 1 27 36 31 10 18 41 38 40 28 30 23 29 8 11 12
24 43 37 27 1 19 17 10 35 26 46 8 23 30 21 49 14 31 3 20 22 38 12 32 4 47 13 2 28 42 48 36 25 11 45 5 9 34 18 44 29 39 40 41 50 16 7 33 6 15
34 25 27 8 2 11 32 18 49 50 38 26 29 48 24 33 19 36 14 22 15 46 44 43 39 35 47 31 5 4 17 37 30 13 6 40 12 10 9 45 41 42 23 28 1 7 3 21 20 16
48 34 10 45 31 20 30 1 29 26 9 44 8 50 47 41 19 33 35 37 11 49 46 27 43 25 17 4 22 12 39 3 23 13 21 14 7 32 42 24 16 36 38 6 5 15 40 28 18 2
19 14 42 39 49 29 46 2 44 20 9 3 18 37 12 16 1 43 8 11 25 45 40 10 26 13 35 5 36 24 50 32 28 38 34 22 7 30 17 21 33 47 23 41 6 31 48 4 15 27
17 33 36 28 42 14 10 39 25 44 31 2 15 26 50 23 11 12 9 22 18 4 16 40 27 48 29 49 43 32 30 3 1 7 6 34 5 20 21 47 13 41 8 46 35 45 37 38 24 19
2 1 4 6 3 5
13 45 35 49 25 8 21 43 36 2 29 40 50 48 20 17 32 42 7 10 23 39 6 1 19 5 31 44 16 4 24 47 15 27 38 41 33 3 14 26 46 30 18 28 37 12 22 34 9 11
7 4 8 6 11 12 10 2 3 5 1 9
15 16 17 21 22 18 19 20 24 23 9 6 7 8 14 13 12 11 10 5 4 1 2 3
49 32 48 4 21 22 6 20 34 16 23 7 28 3 33 1 45 41 38 35 50 12 5 40 26 18 47 42 29 2 30 19 25 36 15 14 9 17 39 46 13 37 11 44 10 27 24 8 43 31
43 15 38 26 40 11 6 36 48 9 19 13 41 27 23 4 20 10 31 8 7 34 30 2 39 35 28 22 45 5 47 33 24 49 25 21 1 17 46 16 12 42 3 50 29 37 14 32 18 44
7 32 36 22 29 28 25 13 18 5 24 41 45 37 30 43 21 14 16 39 2 23 4 35 38 10 19 46 40 26 9 49 11 48 15 3 17 44 6 1 33 31 27 42 34 12 47 20 8 50
20 9 43 35 23 7 18 50 5 28 3 6 13 44 31 2 27 26 21 32 16 24 33 36 8 34 15 25 14 42 29 41 19 45 49 30 17 11 46 40 4 22 1 48 47 38 37 12 10 39
20 24 23 22 35 34 33 37 36 40 39 38 46 47 48 44 45 41 42 43 30 31 32 28 29 25 26 27 14 15 16 12 13 9 10 11 3 2 1 5 4 8 7 6 19 18 17 21
9 13 38 41 24 23 34 48 15 7 27 36 45 20 5 25 26 40 35 30 29 42 4 44 39 47 43 2 16 28 49 33 3 50 14 37 8 10 19 32 17 21 22 11 31 6 18 46 1 12
17 40 24 41 8 19 42 13 38 28 18 22 3 32 21 6 35 48 1 15 7 27 44 16 36 45 23 50 4 31 26 12 5 49 47 14 37 34 46 10 25 20 29 33 11 2 39 9 43 30
1 4 6 3 5 8 2 7
29 20 32 26 7 23 21 34 9 39 50 42 11 38 15 2 1 18 4 44 36 35 41 14 30 40 49 22 45 3 13 6 46 5 31 19 16 28 37 24 17 47 12 8 43 25 27 10 33 48
12 5 14 9 11 1 2 8 7 10 4 3 13 6
6 26 45 24 28 30 15 29 38 36 20 17 23 25 12 7 16 18 8 2 1 3 50 9 27 14 40 10 32 33 5 11 21 19 31 48 42 43 37 22 47 49 44 41 34 13 39 46 4 35
1 2 4 3 6 5 7 8
37 38 39 42 41 40 36 35 34 31 32 33 3 2 1 45 44 43 46 47 48 4 5 6 10 7 8 9 12 11 28 29 30 27 26 25 21 24 23 22 19 20 13 14 15 18 17 16
47 13 29 20 33 3 10 26 2 27 4 36 28 9 23 43 34 1 16 25 15 40 46 45 49 30 5 37 44 38 12 18 7 19 32 41 6 14 8 31 42 17 35 21 24 22 48 11 50 39
25 7 21 12 14 1 19 17 10 20 18 9 16 11 13 8 6 26 15 24 22 5 2 23 3 4
1 4 2 5 3 6 8 7 9 12 10 13 16 11 15 14
20 24 23 22 27 26 25 29 28 32 31 30 43 42 41 45 44 48 47 46 38 39 40 36 37 33 34 35 14 15 16 12 13 9 10 11 3 2 1 5 4 8 7 6 19 18 17 21
23 8 31 16 45 40 1 13 14 30 27 9 44 6 26 15 19 17 12 18 48 47 10 39 11 25 7 2 22 35 46 37 28 3 33 42 38 34 43 21 4 5 29 41 36 20 32 24
1 28 27 2 3 29 30 31 4 5 6 32 33 34 7 8 9 35 36 37 10 11 12 38 39 40 13 14 15 41 42 43 16 17 18 44 45 46 19 20 21 47 26 50 24 23 22 49 48 25
20 40 45 43 3 1 21 7 48 25 12 28 36 44 46 35 14 8 38 50 47 31 32 24 6 42 26 27 41 29 2 13 18 10 39 34 15 9 49 23 11 37 33 17 19 30 22 16 5 4
11 14 16 15 13 20 18 17 19 22 24 23 39 40 38 35 33 34 36 29 31 32 30 27 25 26 28 37 45 47 48 50 49 1 2 4 6 3 5 7 8 9 10 12 21 44 42 41 43 46
47 33 38 17 34 16 3 50 5 42 1 21 23 41 48 9 44 18 15 30 27 25 43 22 28 7 40 46 39 11 6 26 8 10 20 45 19 29 2 4 32 13 31 36 37 14 12 35 24 49
18 24 37 34 11 27 50 39 4 33 9 16 48 13 2 25 3 14 6 5 22 47 23 21 20 15 32 43 40 31 44 35 7 36 10 1 41 45 12 38 42 29 26 17 49 30 28 19 8 46
24 49 12 35 19 45 39 25 14 40 42 18 10 41 16 46 15 5 4 34 32 37 1 13 38 43 2 8 33 22 9 44 48 20 11 47 30 21 3 6 29 7 28 36 31 17 23 27 50 26
10 2 4 1 3 6 9 5 7 8
13 8 20 38 43 36 29 11 30 5 34 46 14 23 3 40 25 7 24 47 35 22 16 33 44 50 26 9 4 37 39 12 1 48 17 10 41 6 21 31 27 32 15 49 2 45 18 28 19 42
9 11 10 12 13 8 7 2 3 5 4 6 1 20 21 23 22 24 19 14 15 17 16 18
37 43 47 48 35 15 22 18 14 23 42 10 5 41 31 36 30 27 17 32 25 16 39 19 26 24 13 2 8 7 40 45 6 44 49 34 11 4 29 20 21 46 28 3 33 12 9 38 1 50
7 43 11 14 26 3 19 44 24 20 45 18 42 16 17 32 46 33 39 35 21 29 2 12 30 36 23 10 22 1 27 9 6 34 31 38 13 4 47 28 40 37 5 8 25 41 15 48
1 19 6 9 17 5 7 8 12 21 20 3 10 11 4 13 14 18 15 16 22 2
41 47 17 2 14 15 7 31 5 8 40 4 42 30 1 36 28 22 29 49 35 39 3 20 43 23 12 48 45 25 24 18 34 44 27 26 38 16 11 37 50 13 10 33 6 32 9 19 46 21
1 2 3 25 24 29 28 26 27 30 23 22 21 20 13 12 11 10 9 8 7 6 5 4 19 16 17 15 14 18
27 18 26 21 10 15 16 39 29 40 14 7 4 49 17 22 6 25 50 37 9 23 32 30 3 36 19 1 31 28 46 41 47 33 38 11 5 20 45 12 13 48 34 35 44 24 43 8 2 42
15 7 4 14 8 9 11 5 10 3 16 13 6 1 12 2 41 43 37 42 35 47 39 48 45 38 36 46 40 34 44 33 50 49 23 31 19 26 21 27 25 24 30 20 22 29 32 18 28 17
36 49 31 48 2 32 43 16 12 29 42 30 7 45 8 18 50 11 19 26 17 1 41 25 33 47 35 37 15 6 46 3 40 9 20 10 13 39 5 23 22 21 44 4 38 28 27 34 14 24
38 36 31 7 27 47 5 11 2 40 39 42 4 34 35 20 48 12 8 37 41 9 29 44 17 22 33 13 32 15 50 45 24 25 23 10 18 16 26 3 46 14 28 6 1 21 49 19 30 43
3 4 7 6 5 17 16 15 14 8 9 10 11 12 13 40 1 2 19 18 23 22 20 21 25 26 27 28 29 39 38 37 36 35 33 32 24 34 30 31
43 36 35 12 16 3 26 19 42 32 29 2 11 33 44 22 1 40 46 25 17 47 9 10 49 38 4 31 45 13 7 23 34 20 39 14 8 28 15 27 6 18 30 48 41 5 24 50 37 21
30 3 1 47 25 6 46 36 18 26 4 23 34 40 39 14 16 33 20 2 27 21 43 13 5 31 32 50 38 42 7 19 22 11 17 37 15 8 24 29 48 10 12 45 49 41 28 9 35 44
1 3 2 4 6 5 7 9 8 10 12 11 13 15 14 16 18 17 19 21 20 22 24 23 25 27 26 28 30 29 31 33 32 34 36 35 37 39 38 40 42 41 43 45 44 46 48 47 49 50
10 9 13 12 16 15 14 19 18 17 21 20 24 23 22 11 6 7 8 4 3 2 1 5
26 2 35 28 12 5 4 8 22 36 46 33 41 50 47 16 9 6 42 49 25 43 48 11 10 18 39 27 34 17 37 38 20 30 24 14 7 31 13 45 44 21 15 19 32 1 40 3 23 29
21 49 35 33 38 10 8 4 29 20 22 18 36 14 30 27 1 12 25 39 9 16 34 43 17 44 24 6 5 2 37 48 42 45 41 3 28 13 50 11 47 46 32 40 15 26 19 23 7 31
1 9 8 2 4 3 5 7 6 10
21 15 17 39 48 35 24 5 9 42 43 44 6 7 3 50 46 28 2 1 38 29 33 20 13 34 32 37 8 10 22 47 45 26 19 23 11 30 18 4 14 31 27 49 16 25 12 40 36 41
18 17 21 22 3 2 1 5 6 11 12 16 15 14 13 9 10 4 8 7 29 25 26 27 28 32 31 30 46 47 48 44 45 41 42 43 35 34 33 37 36 40 39 38 19 20 24 23
46 47 48 7 43 44 12 11 10 42 41 9 8 40 39 38 6 5 4 3 35 36 37 23 22 21 20 19 18 17 16 15 14 13 45 1 2 34 33 32 31 30 29 28 27 26 25 24
3 8 5 1 7 4 2 6
26 39 37 35 32 30 49 3 25 42 48 34 45 23 11 7 15 12 10 22 16 40 46 20 41 24 21 18 17 44 19 28 50 13 33 36 14 1 4 47 29 9 43 6 5 8 27 31 38 2
24 23 22 21 20 19 18 17 16 15 14 13 12 11 10 9 8 7 6 5 4 3 2 1 25 26 27 28 29 30 31 32 33 34 35 36 37 38 39 40 41 42 43 44 45 46 47 48
3 39 26 7 42 5 15 43 47 6 25 35 48 17 45 30 2 18 50 41 36 46 34 12 32 1 4 13 23 40 31 37 33 20 21 16 49 8 24 38 19 44 28 27 29 14 22 11 9 10
5 2 3 4 1 6
37 13 35 43 40 30 29 2 16 14 31 42 36 33 45 21 22 25 17 10 7 5 4 8 41 32 26 39 23 27 11 6 34 46 3 28 20 15 9 12 1 19 18 24 44 38
15 16 17 18 19 20 21 22 23 24 25 26 27 28 29 30 14 13 12 11 10 9 8 7 6 5 4 3 2 1 31 32 33 34 35 36 37 38 39 40 41 42 43 44 45 46 47 48
1 31 14 19 33 15 26 25 40 18 30 49 12 39 34 37 2 23 32 13 20 3 46 11 42 47 41 10 45 6 28 38 4 21 27 7 17 48 16 44 24 35 8 29 22 9 50 5 36 43
24 21 14 10 12 11 46 8 4 22 16 33 37 39 50 13 44 15 35 27 7 19 9 6 42 29 48 31 32 47 45 30 38 36 5 2 17 41 25 1 3 18 28 26 34 49 40 43 20 23
3 4 14 15 34 20 7 21 40 30 25 5 12 37 22 19 39 42 50 46 48 38 11 24 2 28 31 13 29 49 8 18 1 27 17 35 6 45 41 43 44 10 23 9 16 47 33 26 32 36
1 4 2 3
21 2 14 13 26 17 9 18 23 25 24 5 10 12 15 1 4 19 16 7 3 6 11 8 22 20
10 19 32 47 15 30 41 7 27 21 23 22 44 9 43 49 24 35 31 40 26 8 18 2 33 11 3 46 45 50 38 20 37 16 12 42 48 17 29 39 5 4 28 36 25 1 13 6 34 14
1 8 42 16 33 3 5 4 26 11 15 24 35 37 44 28 36 29 45 32 39 6 40 22 46 31 34 7 43 17 41 47 9 21 12 14 10 50 13 48 49 30 20 18 25 23 2 38 19 27
17 2 43 6 13 42 11 46 1 22 50 16 20 25 33 18 44 8 4 27 12 48 24 38 31 15 23 34 7 10 49 21 28 40 29 5 36 41 47 9 35 26 37 14 39 45 19 3 32 30
47 34 38 43 22 30 42 14 2 4 10 40 35 5 17 49 27 19 48 12 3 9 18 16 8 23 1 37 33 20 13 24 45 41 29 44 26 11 50 32 46 15 25 21 6 36 31 28 39 7
43 40 27 30 6 39 12 31 29 21 17 8 22 11 20 1 35 23 46 36 28 37 7 26 41 3 13 47 45 50 48 18 19 49 24 14 44 9 16 34 5 10 33 32 2 25 42 15 4 38
12 19 5 49 35 36 1 14 2 26 17 46 33 42 4 44 34 41 7 23 9 28 20 21 3 27 15 16 8 40 11 25 10 45 50 37 13 48 43 47 22 24 32 29 30 18 6 38 31 39
38 39 40 36 37 33 34 35 3 30 31 32 28 29 25 26 27 22 23 24 20 21 17 18 19 43 6 7 8 4 5 1 2 15 16 12 11 10 9 13 14 46 47 48 44 45 41 42
23 10 5 25 2 15 6 12 21 22 18 20 14 13 17 4 1 7 24 26 9 19 11 8 16 3
1 2 5 6 7 4 3 8 11 9 13 14 15 12 10 16 19 17 21 22 23 20 18 24 27 25 29 30 31 28 26 32 35 33 37 38 39 36 34 40 43 41 45 46 47 44 42 48
18 11 10 4 12 15 3 9 2 13 5 6 7 8 1 16 14 17
41 28 19 2 48 5 26 42 12 24 9 32 45 11 40 25 43 21 22 49 14 31 37 44 18 27 34 4 33 46 6 15 7 29 17 47 13 20 1 8 30 35 16 23 38 36 39 10 50 3
9 3 2 8 7 16 14 21 20 43 36 48 49 50 46 47 45 25 19 22 18 32 31 41 37 40 39 44 34 35 24 26 23 29 12 13 5 6 4 10 1 11 33 27 38 17 42 28 15 30
44 43 5 4 46 45 3 2 1 47 48 24 23 25 26 27 21 22 28 20 19 29 30 18 17 31 32 33 15 16 34 14 13 35 36 12 11 37 38 10 40 39 9 8 7 41 42 6
46 24 44 8 9 45 33 43 19 40 11 30 48 22 25 12 18 36 28 3 35 16 2 50 38 4 5 15 31 39 37 34 17 6 14 26 21 23 42 29 47 27 20 10 7 49 1 41 32 13
44 17 14 4 48 5 23 8 37 3 11 22 47 39 28 27 50 41 6 25 26 1 20 30 15 42 32 29 16 10 40 35 33 34 36 38 24 7 21 45 2 12 43 31 46 13 9 18 49 19
1 5 3 4 2 6
4 29 50 28 18 38 42 10 40 7 23 31 46 16 24 19 17 37 35 14 11 8 34 26 27 41 13 45 22 25 1 43 6 47 39 3 21 2 48 12 44 15 33 32 49 20 36 30 5 9
1 8 5 4 2 3 7 6
45 44 43 42 41 40 39 38 37 36 35 34 33 32 31 30 29 28 27 26 25 24 23 22 21 20 19 18 17 16 15 14 13 12 11 10 9 8 7 6 5 4 3 49 48 47 46 1 2 50
32 8 15 11 20 2 14 31 25 30 19 3 12 1 18 26 16 35 21 27 10 22 29 36 28 34 7 24 23 5 9 6 4 33 13 17
27 29 3 37 42 22 43 6 18 46 5 12 11 8 32 41 48 7 31 15 33 24 44 34 1 35 30 40 26 4 25 36 14 20 45 38 13 10 17 16 2 19 23 47 39 21 28 9
17 30 5 7 1 8 37 40 49 34 20 42 11 27 31 22 32 25 36 12 45 16 21 18 14 29 46 43 50 39 10 35 47 48 9 13 28 44 2 4 41 6 33 23 24 15 38 19 3 26
7 8 9 10 11 12 3 2 1 16 17 18 4 5 6 13 14 15
25 4 47 1 20 26 38 44 48 33 31 28 21 23 49 22 46 45 5 19 13 32 37 3 8 50 35 43 16 14 6 41 36 18 7 29 11 17 39 27 2 42 15 30 12 24 34 10 9 40
18 11 31 24 7 13 38 1 26 9 40 3 28 39 12 32 20 4 42 46 27 49 23 14 6 45 34 21 25 37 2 30 8 47 16 48 36 35 41 19 10 22 15 50 44 5 33 17 43 29
48 7 50 13 32 46 23 49 2 47 38 19 39 4 10 33 12 29 6 24 45 41 27 16 31 43 14 44 36 5 30 15 40 34 18 26 20 35 21 37 17 11 25 42 22 1 28 8 3 9
2 38 39 18 20 28 4 33 1 45 23 30 6 46 37 14 26 22 27 15 3 12 11 21 5 9 17 7 19 10 44 24 36 42 35 29 40 13 25 8 32 16 41 43 34 31
43 30 46 8 6 20 17 18 33 7 4 22 13 2 31 41 3 39 16 45 29 19 21 9 32 34 38 24 10 11 37 23 27 5 35 42 26 1 36 14 44 40 25 15 28 12
21 13 16 28 23 41 50 30 39 47 48 25 42 46 49 14 44 20 3 9 12 8 19 31 7 33 6 18 17 38 10 27 34 32 11 40 43 29 45 22 24 1 35 15 4 5 36 37 2 26
45 48 8 32 26 14 11 30 6 19 37 47 36 38 42 44 27 16 20 18 10 28 49 34 25 15 4 2 5 24 39 50 3 33 41 9 21 17 35 29 7 1 31 46 12 23 43 13 40 22
12 21 22 18 20 14 13 17 4 1 7 24 26 9 19 11 8 3 16 23 6 15 2 25 5 10
16 1 10 21 15 13 26 29 18 5 2 24 30 19 7 12 9 4 6 8 25 23 22 17 28 20 27 11 14 3
8 9 7 17 18 16 26 27 25 35 36 34 44 43 2 3 1 12 11 10 20 21 19 29 30 28 39 37 38 41 40 42 31 33 32 22 24 23 13 14 15 5 6 4
5 18 46 27 47 37 10 42 14 50 11 30 31 26 22 2 9 6 20 41 23 48 49 13 45 39 17 25 38 33 4 28 19 16 1 34 29 8 36 32 12 35 40 43 7 21 24 3 44 15
14 10 13 33 3 44 29 41 31 35 32 22 9 40 30 1 8 45 16 19 24 17 37 21 48 34 28 50 15 2 18 7 36 4 46 43 25 49 6 11 26 38 20 27 39 5 42 23 12 47
35 21 13 19 9 17 39 40 48 32 34 18 10 25 11 5 12 49 6 4 42 23 26 31 38 8 44 41 30 33 28 47 43 16 50 3 22 14 27 45 29 7 20 37 46 1 15 36 2 24
22 39 13 47 9 16 37 2 4 48 49 33 7 18 15 28 50 35 31 27 11 30 21 36 44 32 12 10 29 26 20 45 42 41 8 34 23 14 38 3 43 19 40 5 6 46 25 1 24 17
18 17 16 15 14 13 12 11 10 1 3 2 34 49 50 33 26 25 47 9 23 5 6 39 40 41 42 27 28 37 38 46 45 48 7 8 35 36 44 43 24 4 22 29 30 31 32 19 20 21
33 28 22 18 17 42 35 12 41 37 23 1 44 5 50 31 6 48 7 29 26 4 16 47 8 24 10 21 15 40 25 27 30 36 45 32 20 14 49 19 38 13 34 9 46 2 11 39 3 43
39 48 45 17 23 7 1 16 34 42 37 5 21 24 29 18 11 8 38 2 30 44 4 35 27 9 15 33 40 10 41 28 13 26 25 31 46 14 36 32 20 3 43 19 47 12 22 6
4 3 2 1 8 7 6 36 35 34 38 39 40 33 25 17 24 23 22 18 19 20 21 37 9 13 12 11 10 14 15 16 32 31 30 26 27 28 29 5 41 45 44 43 42 46 47 48
7 11 14 22 1 26 31 16 32 23 20 12 2 18 9 13 21 6 27 8 5 30 19 4 17 25 15 3 24 10 29 28
3 2 19 36 50 39 21 6 22 38 47 37 20 7 15 29 48 34 25 35 43 27 14 8 13 32 44 31 10 1 17 26 16 4 23 41 45 40 12 5 18 30 46 33 24 9 11 28 42 49
1 3 5 4 7 2 8 6 9 12 14 10 11 16 13 15
18 15 9 14 3 10 2 12 16 19 6 26 21 17 22 1 25 7 11 5 20 8 24 4 13 23
