47 1 11 10 45 50 20 49 41 25 43 3 4 48 40 8 29 18 6 22 46 15 34 7 9 19 16 32 30 42 37 39 44 36 35 23 24 17 33 14 5 28 2 26 31 13 12 38 27 21
26 25 27 1 50 24 49 2 28 3 29 4 48 5 30 23 47 22 46 21 45 6 31 7 44 20 43 8 42 9 41 19 40 10 32 18 39 17 33 16 34 15 38 14 37 13 35 11 36 12
5 1 21 27 24 35 13 44 23 30 22 29 7 31 25 32 19 33 20 34 2 42 6 28 8 36 9 48 18 47 26 46 16 45 10 50 11 37 12 38 4 43 17 39 15 49 3 40 14 41
48 3 31 12 5 15 50 7 42 49 41 6 2 37 46 40 47 13 29 33 1 14 17 4 45 27 10 24 44 18 39 23 43 11 38 21 32 8 16 25 35 22 26 28 9 36 19 20 34 30
6 43 17 34 26 18 44 3 50 25 28 36 12 5 7 47 32 40 37 41 38 35 1 45 9 48 33 8 46 30 31 22 10 29 27 20 14 42 19 16 13 39 2 11 15 24 4 23 49 21
14 15 13 8 6 5 16 1 2 10 11 9 3 7 4 12
40 28 37 5 27 26 39 22 1 4 47 41 48 6 34 7 21 20 36 8 10 19 42 13 23 18 43 11 31 29 38 3 24 9 46 33 15 44 35 45 25 2 30 14 17 12 49 32 50 16
38 50 17 31 49 29 46 1 10 33 42 3 30 21 7 41 8 40 22 45 19 32 11 13 15 26 39 47 16 12 37 4 5 36 14 48 35 28 6 27 2 25 9 18 44 43 24 20 34 23
30 2 1 27 26 25 24 28 29 23 22 21 4 3 20 19 18 17 16 15 14 5 6 7 8 9 10 11 12 13
46 50 37 48 47 2 8 1 7 4 3 10 9 5 11 6 16 12 15 44 43 31 41 14 13 18 17 20 19 40 21 24 23 26 25 22 29 39 33 34 27 38 45 36 42 28 49 35 30 32
8 7 2 1 3 5 6 4
14 1 41 2 26 47 39 50 31 4 15 6 20 17 3 9 42 7 43 22 37 10 34 45 38 44 40 48 13 11 23 18 19 21 12 16 24 8 29 25 5 36 35 28 46 27 33 32 49 30
50 30 25 17 47 1 34 2 36 23 45 24 46 44 8 4 28 37 29 13 38 6 32 43 22 20 15 27 19 9 49 10 41 39 40 11 12 33 42 7 18 3 48 16 26 21 35 31 5 14
24 15 41 36 2 13 5 1 3 12 29 14 45 17 16 47 33 44 25 32 42 9 39 34 38 28 46 4 37 35 31 7 18 8 11 48 20 27 40 23 49 30 50 26 6 22 43 21 10 19
7 19 1 41 45 46 6 16 26 8 3 44 2 14 42 48 49 38 20 22 39 12 5 30 10 11 9 32 17 15 31 29 28 25 21 43 37 40 13 4 36 50 34 18 47 35 33 24 27 23
2 25 50 39 27 10 14 23 45 47 49 16 30 11 48 34 12 6 38 29 32 3 46 21 44 8 33 9 18 24 43 20 41 35 26 17 42 19 36 22 5 7 40 13 37 28 4 1 31 15
6 49 34 13 48 21 46 11 43 23 16 35 44 4 42 1 25 37 38 26 36 3 15 5 50 7 27 10 40 31 39 29 32 14 41 9 22 20 24 47 19 30 12 45 28 2 33 18 8 17
46 1 48 4 3 2 30 5 6 47 7 8 44 40 41 12 13 9 10 11 39 15 43 42 37 38 14 34 19 18 17 16 35 36 45 33 22 21 20 23 24 25 29 28 27 26 31 32
6 2 5 3 4 1
20 47 34 2 32 11 3 45 37 49 10 29 31 50 27 42 39 9 46 19 24 7 8 14 44 4 41 16 12 30 1 13 15 48 28 40 18 17 43 25 26 35 5 38 21 23 6 33 22 36
3 26 41 6 33 1 30 23 49 22 32 2 45 36 47 21 46 20 48 10 19 4 28 42 31 9 43 24 39 7 25 17 29 18 40 16 15 35 38 8 27 34 44 14 37 13 50 11 5 12
4 18 6 34 12 2 44 25 43 42 3 16 17 35 27 5 41 21 40 11 39 1 20 38 26 22 23 7 13 33 36 24 30 37 8 32 29 14 15 31 28 9 19 10
50 49 48 1 2 3 4 5 6 45 46 47 40 41 42 43 44 11 10 9 8 7 12 13 14 15 16 39 38 37 36 35 34 33 32 23 22 17 18 19 20 21 26 27 28 29 30 31 24 25
10 23 18 22 21 12 6 15 2 3 8 7 24 26 9 25 5 1 4 17 13 14 20 19 11 16
20 6 8 3 4 2 18 1 19 7 16 11 5 17 14 10 12 13 9 15
9 44 42 45 31 3 2 48 40 37 7 5 14 38 33 36 4 35 49 16 47 41 15 26 39 27 43 11 50 12 10 28 13 6 18 19 34 30 23 32 22 25 46 17 8 29 24 21 1 20
12 25 33 2 20 5 47 28 49 48 9 4 15 37 7 35 41 43 45 32 21 42 44 16 38 30 6 10 46 11 24 34 3 31 26 14 8 1 29 19 50 40 27 13 39 22 18 36 23 17
29 46 38 2 7 10 11 31 4 35 50 41 16 49 34 44 3 48 13 14 40 15 45 47 17 5 18 6 37 19 22 8 21 20 43 25 33 36 12 39 24 42 23 28 1 26 32 30 9 27
6 4 1 34 2 5 7 48 9 30 22 47 8 44 42 28 12 14 50 43 39 40 31 41 46 37 49 23 10 19 18 35 16 11 25 36 45 21 20 32 13 27 15 33 17 3 24 38 26 29
19 45 48 1 47 37 49 44 46 20 35 42 7 41 30 6 40 34 15 3 9 33 29 18 26 32 16 5 2 17 36 25 8 11 43 12 38 13 28 31 39 27 4 24 50 23 14 22 10 21
33 1 6 10 8 13 11 50 46 23 48 17 39 2 22 25 43 37 29 44 35 3 16 34 45 42 49 9 14 7 38 47 36 30 12 41 28 15 31 18 32 20 40 27 5 19 21 4 24 26
48 47 4 1 2 3 5 46 44 45 8 7 6 43 42 41 40 39 38 36 37 35 34 33 10 9 32 31 30 11 28 29 26 13 12 14 19 27 22 23 24 15 16 21 20 17 18 25
1 8 46 50 3 5 19 49 22 13 44 7 23 15 43 41 12 18 2 47 11 20 38 48 31 39 10 21 40 6 36 37 25 34 14 24 45 33 17 32 35 9 16 30 26 42 4 29 27 28
17 44 4 33 6 2 49 26 7 22 37 12 43 5 40 46 25 29 32 50 45 11 1 41 15 8 48 10 42 36 30 21 18 38 9 39 35 19 28 3 24 20 14 47 23 13 16 34 27 31
35 26 49 36 14 25 6 45 3 2 46 37 8 27 5 7 50 41 42 1 47 48 40 43 34 9 39 13 16 12 18 33 10 31 38 17 15 20 32 29 44 19 24 4 30 11 28 21 22 23
47 48 45 1 2 3 4 5 6 46 11 35 43 44 20 28 42 41 40 39 34 33 37 36 8 7 15 16 12 13 9 10 18 26 31 32 27 14 38 30 22 23 24 25 29 21 17 19
15 2 9 4 3 10 11 49 42 25 34 23 38 24 19 31 46 20 41 29 44 21 43 32 45 28 50 36 37 30 26 48 40 33 14 1 12 6 7 8 5 13 39 18 22 47 27 16 35 17
7 5 4 3 6 10 9 25 24 23 2 1 30 29 28 27 26 22 20 19 18 21 8 11 12 13 16 17 14 15
1 23 8 26 45 32 9 4 29 36 15 25 41 34 38 24 22 7 31 48 42 2 21 6 46 30 27 3 13 17 43 33 39 16 11 12 35 49 28 20 10 14 40 44 50 19 37 47 5 18
9 4 1 25 32 37 36 5 39 44 2 49 47 46 38 50 29 48 7 11 10 17 43 18 26 23 15 13 31 6 14 42 16 8 27 24 45 41 33 28 19 40 3 30 20 35 21 12 22 34
47 43 50 37 48 41 46 11 44 35 4 27 42 49 6 45 8 5 10 39 40 19 22 2 14 3 18 13 16 15 36 33 28 17 20 1 12 7 34 25 30 29 38 21 26 9 24 23 32 31
2 47 49 48 16 28 1 23 31 17 11 7 8 9 44 14 19 46 37 35 36 43 38 12 3 42 32 39 41 13 4 15 20 29 22 18 24 50 34 40 25 27 5 6 26 21 30 10 45 33
43 1 48 50 13 15 45 44 4 46 14 41 6 26 49 8 35 2 36 12 22 30 16 38 9 32 23 21 11 42 10 25 5 40 18 39 7 3 24 47 20 29 28 34 37 27 19 33 17 31
5 1 2 6 4 9 3 7 8 10
46 50 25 43 41 48 6 3 7 49 47 4 2 5 27 23 28 1 8 9 26 24 45 42 44 22 29 21 30 36 31 10 38 33 35 19 11 18 37 14 12 20 34 39 15 13 17 32 40 16
46 41 44 22 12 49 13 4 36 48 15 6 29 19 33 50 43 42 39 45 34 27 9 2 5 47 38 40 37 14 31 30 20 1 10 21 16 24 18 11 7 26 3 32 28 8 17 25 35 23
21 5 16 3 2 9 26 25 20 40 19 46 4 39 12 37 11 38 15 34 47 31 49 10 45 42 14 30 24 13 33 44 41 28 18 27 35 48 36 8 6 17 1 29 50 32 43 22 7 23
1 45 6 42 29 50 30 3 44 7 49 2 4 12 15 14 13 5 26 38 46 8 11 9 39 48 22 43 34 10 33 41 47 32 20 19 31 28 21 37 27 24 40 23 36 25 35 18 17 16
48 1 23 2 12 11 32 50 33 41 13 38 42 37 46 31 40 5 16 10 43 35 17 18 9 21 45 8 6 27 22 34 15 28 3 20 26 4 47 25 30 44 49 24 39 29 36 7 14 19
14 47 41 9 50 44 33 20 46 4 48 21 12 6 8 29 28 3 5 40 39 13 31 37 1 42 49 32 36 2 18 19 43 35 10 7 15 30 11 16 26 45 38 17 34 22 25 27 24 23
1 8 2 3 24 21 4 6 20 7 5 44 12 47 45 40 43 35 9 39 11 46 38 49 15 41 17 33 19 26 48 13 36 14 50 27 10 25 22 28 16 34 30 42 29 23 31 37 32 18
48 20 33 5 28 27 31 17 30 40 2 34 29 47 19 45 6 14 39 46 10 4 1 38 9 21 11 43 44 42 12 22 41 16 26 13 25 7 24 50 18 49 3 15 23 32 37 35 8 36
47 44 49 45 16 43 31 13 14 3 50 39 23 38 34 33 37 28 41 11 20 35 46 48 32 2 10 25 15 7 40 9 5 36 4 27 24 8 19 12 17 21 1 29 18 26 30 42 6 22
18 12 19 22 14 21 11 4 16 17 15 5 2 8 20 6 10 3 13 7 1 9
2 1 48 47 46 38 41 45 44 43 42 5 6 7 8 9 10 11 3 4 12 13 14 15 39 40 36 37 16 17 18 19 35 34 33 21 22 23 24 20 32 31 30 29 28 27 26 25
13 26 46 50 20 32 23 44 48 6 38 7 31 11 24 43 40 12 3 39 30 16 15 18 4 42 5 21 2 41 8 22 19 27 47 35 1 25 34 10 37 36 14 28 17 33 9 45 49 29
3 4 2 1
6 7 1 10 3 5 4 2 8 9
2 1 6 7 45 44 48 43 49 50 9 3 5 4 8 47 46 42 10 11 16 12 41 40 39 33 34 38 37 32 30 35 14 13 19 31 36 18 17 15 20 25 29 23 22 24 28 27 26 21
44 23 46 2 49 7 4 18 48 40 8 26 42 6 41 24 3 43 12 37 38 16 30 45 36 17 9 47 10 50 34 11 35 25 22 29 13 15 14 39 33 5 19 31 20 27 21 1 28 32
49 50 42 30 7 1 40 4 36 44 2 5 41 24 9 48 38 39 17 45 46 21 13 47 43 8 29 23 35 34 28 12 26 19 33 14 37 15 25 27 6 16 20 11 32 10 31 3 22 18
27 26 36 12 24 18 42 49 3 21 4 28 5 11 6 30 23 17 22 46 7 47 29 45 20 44 35 43 8 32 50 33 9 2 10 34 31 41 1 19 16 40 14 38 48 37 15 25 13 39
7 50 46 15 45 35 1 16 42 40 41 43 38 20 39 3 4 37 34 18 47 48 29 10 6 33 11 5 9 36 49 44 2 28 21 31 26 30 19 17 22 27 14 32 12 23 8 24 13 25
3 4 2 1
27 45 28 23 11 30 10 48 35 22 18 2 42 3 50 47 14 31 46 21 25 38 26 20 32 19 8 49 39 7 44 4 43 33 13 24 36 41 29 15 9 16 37 6 40 5 34 1 17 12
1 2 3 4 5 6 50 49 48 47 46 18 7 8 9 10 11 13 14 15 42 43 44 45 24 23 41 40 39 27 28 37 38 16 17 19 20 21 22 29 30 12 31 32 33 34 35 36 26 25
33 2 14 35 24 1 34 28 21 20 37 30 39 25 26 5 36 22 23 4 3 6 13 31 27 7 12 19 18 17 15 38 16 40 10 32 11 8 29 9
38 2 3 43 5 48 8 33 47 46 10 6 7 49 9 44 50 42 11 45 41 40 34 12 37 35 13 16 14 1 15 18 17 29 19 22 4 24 21 23 31 28 26 30 25 32 20 39 27 36
8 25 42 6 5 48 21 4 45 18 2 39 1 47 28 22 40 12 7 20 9 13 50 33 14 15 36 17 10 38 35 3 34 29 44 11 30 43 46 37 26 27 16 32 31 49 41 24 19 23
35 50 36 26 2 31 17 6 27 5 8 45 12 21 33 7 42 41 20 40 46 9 39 37 11 13 34 38 44 14 19 10 32 16 22 15 47 48 3 4 49 18 28 24 1 43 23 30 25 29
7 10 6 1 9 3 2 4 5 8
37 1 46 45 3 2 9 5 7 6 44 43 42 49 40 39 38 41 34 35 36 50 32 31 30 29 33 4 17 13 8 12 11 10 47 48 27 28 24 15 14 26 18 19 20 16 23 22 21 25
35 5 50 45 3 6 13 42 31 49 46 29 43 12 11 39 16 44 14 22 41 8 40 28 38 30 15 34 23 9 18 7 20 26 1 17 24 2 27 32 36 47 37 25 48 19 33 4 10 21
47 48 44 1 5 7 6 43 42 41 10 9 13 3 46 45 36 35 14 38 37 33 39 40 4 8 34 2 18 17 21 15 16 12 31 32 28 27 22 11 19 30 29 25 26 23 20 24
6 18 2 17 16 9 4 3 15 14 8 5 7 12 13 10 1 11
6 3 1 28 27 25 26 10 11 19 16 7 23 8 14 21 5 13 18 24 9 4 17 15 2 22 20 12
1 2 4 12 29 40 11 30 19 36 37 9 39 10 7 6 27 15 21 14 5 32 23 28 35 16 17 18 31 38 8 26 13 34 33 20 3 22 25 24
50 41 24 5 4 44 6 38 29 15 27 37 25 1 9 18 45 19 17 8 28 49 43 12 11 2 42 34 13 33 16 14 23 31 21 32 35 20 36 10 40 48 22 46 7 30 39 47 3 26
10 9 49 22 42 19 39 7 36 5 30 29 16 48 37 8 6 47 12 46 38 1 13 4 11 32 3 43 28 26 27 45 15 40 18 23 17 2 20 44 21 34 35 14 24 33 25 41 50 31
49 50 1 44 47 48 6 4 43 46 41 45 3 2 5 42 7 8 9 14 39 10 11 38 37 36 15 34 33 32 13 12 35 30 31 28 17 40 29 16 27 26 19 24 21 22 23 18 25 20
32 44 50 1 11 3 27 49 38 5 22 40 29 47 24 36 33 19 6 23 41 35 26 9 15 20 45 46 34 16 13 2 31 48 28 10 39 21 12 14 37 43 30 25 18 4 42 7 8 17
29 19 50 17 45 25 22 1 49 26 28 2 43 21 47 20 46 23 34 18 3 38 30 4 7 37 31 24 9 16 32 5 40 15 27 13 35 8 42 41 36 14 33 48 39 6 10 11 44 12
23 1 49 50 27 3 14 6 8 5 40 29 11 45 46 4 44 41 31 36 18 9 48 21 43 37 38 35 39 33 16 12 34 7 24 10 30 25 32 42 28 13 22 2 26 15 47 17 20 19
9 8 49 36 24 50 2 15 27 48 23 45 4 32 3 46 6 25 18 35 22 10 34 43 21 28 42 41 5 40 11 47 38 31 12 39 19 30 7 37 14 1 16 29 20 26 13 17 44 33
3 21 50 49 25 41 10 37 38 36 27 6 1 7 11 45 22 44 13 9 40 47 39 19 14 15 16 30 17 34 24 8 4 23 46 43 42 2 29 35 20 31 48 18 28 12 26 33 5 32
30 1 4 29 6 27 2 3 8 5 28 7 10 9 26 11 12 13 14 15 24 17 16 19 18 25 20 21 22 23
45 1 49 50 6 47 48 44 7 8 4 5 46 42 43 40 41 2 3 9 10 11 16 17 15 29 18 14 13 12 19 20 35 39 33 32 36 31 30 34 38 37 25 24 23 28 27 26 21 22
1 46 8 37 40 44 6 5 9 48 45 2 41 7 49 47 30 10 12 4 13 23 50 43 38 3 27 14 33 39 20 19 16 34 32 28 31 15 22 17 42 18 36 29 26 35 25 21 11 24
6 1 3 4 5 2
35 3 49 12 14 50 16 4 32 44 29 20 22 8 23 5 10 25 47 11 1 26 15 43 40 17 21 36 18 48 41 13 33 19 27 9 24 31 42 7 28 46 2 39 30 34 6 38 45 37
41 1 50 27 2 19 39 4 26 24 46 29 45 5 22 12 37 48 42 20 32 38 3 14 10 16 35 40 31 21 9 13 15 8 18 49 6 36 11 43 44 34 23 33 7 25 47 28 17 30
14 9 5 29 31 10 13 25 7 4 2 3 6 22 27 28 21 24 12 32 11 15 30 23 1 17 26 16 18 8 20 19
34 50 48 37 13 25 12 8 11 4 22 43 17 5 44 27 41 49 47 19 1 38 6 14 9 36 16 40 45 26 32 39 28 10 23 2 7 24 33 3 31 42 15 46 18 30 21 20 35 29
6 8 7 4 5 1 3 2
39 1 4 44 18 38 50 5 13 6 7 33 27 20 40 46 49 9 10 3 21 19 41 11 15 36 48 12 37 14 35 16 2 8 29 31 30 17 42 34 32 24 25 47 22 28 23 45 43 26
47 1 37 21 48 25 11 6 46 24 29 4 49 23 34 40 14 33 20 50 38 5 36 19 22 44 9 18 32 7 28 17 43 8 35 16 41 15 31 12 27 45 42 13 26 2 3 30 39 10
50 2 6 33 3 17 28 4 13 1 46 7 30 12 37 48 39 20 24 45 9 44 18 22 31 25 35 10 43 15 8 23 34 5 49 41 47 36 16 42 27 38 26 14 29 40 19 11 21 32
3 24 47 49 25 43 33 44 35 2 46 27 36 41 1 40 42 14 30 28 12 10 34 39 8 11 48 38 13 37 6 15 16 45 9 32 20 18 5 7 17 31 29 19 26 50 21 22 4 23
16 3 9 8 7 2 13 14 15 6 1 4 12 11 10 5
9 8 7 1 6 2 10 5 4 3
2 1 6 5 4 7 8 3
8 7 3 9 10 5 4 6 2 1
10 48 1 13 30 47 15 3 27 7 5 45 40 9 39 44 8 35 37 21 11 6 38 33 17 32 4 31 36 18 42 12 14 16 20 26 2 19 24 25 28 46 34 43 29 22 41 23
24 3 49 4 36 14 2 37 1 15 39 8 50 10 46 22 26 43 25 19 28 42 5 16 7 41 9 40 29 47 27 6 38 12 23 13 11 20 17 48 31 44 35 34 18 21 33 30 45 32
50 48 49 43 39 36 4 1 2 5 37 40 42 45 38 41 44 47 46 28 10 8 6 3 7 9 16 25 26 29 31 33 35 34 32 30 27 24 11 12 13 14 15 17 18 19 21 20 23 22
20 1 46 24 30 15 41 45 48 40 34 5 27 10 23 36 33 12 7 35 2 28 3 32 22 39 4 18 43 44 29 38 31 42 9 47 8 17 6 26 21 11 13 16 25 50 49 37 14 19
1 10 49 4 6 27 8 5 41 7 34 9 40 31 11 13 46 21 14 45 19 47 16 23 18 25 42 44 12 15 20 50 38 43 22 17 24 26 39 2 28 3 48 33 32 29 36 35 30 37
17 50 47 1 31 33 46 2 43 6 42 22 49 29 44 39 5 21 8 38 41 19 20 48 45 36 37 4 9 30 26 40 34 32 7 13 10 3 11 14 25 18 23 16 15 27 28 12 35 24
12 18 20 11 5 2 22 19 13 7 10 9 16 14 15 4 1 21 17 3 8 6
48 49 50 45 41 47 46 3 7 5 2 9 8 1 42 44 40 33 37 34 30 11 13 15 6 4 35 39 36 32 31 38 21 27 25 22 16 17 12 19 10 29 26 24 20 18 14 43 23 28
4 5 1 6 3 2
1 24 21 20 22 23 3 2 17 18 19 14 15 16 13 11 6 4 5 8 7 10 9 12
50 49 47 48 43 46 38 44 45 1 15 4 10 6 7 41 16 33 30 35 2 9 3 11 12 37 42 31 14 5 8 36 29 32 27 40 34 25 26 28 13 18 17 20 19 39 22 21 24 23
45 44 34 48 39 47 22 10 4 5 17 11 6 2 9 21 7 18 8 29 31 41 30 50 26 25 1 49 38 27 35 28 14 23 15 13 24 3 16 37 40 36 46 42 43 32 19 12 20 33
45 17 40 15 28 50 12 49 39 24 38 43 35 4 34 5 20 47 9 44 7 8 33 14 31 46 10 48 11 16 18 21 1 29 36 6 2 25 22 42 26 3 30 23 41 27 19 37 13 32
27 49 50 26 35 47 30 12 2 28 43 8 41 10 39 44 23 14 13 45 9 38 7 18 32 15 6 29 5 1 25 42 22 40 33 11 37 24 48 20 16 36 17 3 19 34 4 46 21 31
17 2 19 20 9 14 4 16 13 15 12 3 11 1 8 5 18 10 6 7
2 1 21 48 28 42 3 45 41 38 40 30 10 25 4 12 16 15 14 32 39 47 18 43 44 6 37 7 26 27 19 35 34 13 24 33 8 9 20 11 31 5 29 23 46 36 22 17
4 1 49 13 47 11 20 30 31 34 3 39 44 12 10 19 21 33 45 42 5 6 28 7 23 48 37 8 18 9 29 50 46 40 25 41 35 26 43 38 24 2 36 17 27 32 22 15 16 14
5 48 3 47 20 31 24 6 46 10 30 44 2 11 34 15 49 43 40 38 9 13 41 29 39 14 21 35 25 7 12 17 18 36 26 16 33 42 4 50 19 1 32 37 22 8 27 23 45 28
44 4 40 45 5 28 2 10 8 13 3 37 14 41 1 16 35 48 33 36 27 7 20 47 38 24 49 32 11 6 12 34 19 17 42 21 46 31 22 9 26 18 43 25 30 39 29 15 50 23
37 15 2 14 23 19 5 29 3 32 31 39 33 4 9 27 40 6 38 11 17 10 24 21 18 25 34 30 28 7 22 12 36 35 13 1 20 26 8 16
1 31 14 32 45 28 4 50 27 3 40 16 29 47 34 41 15 37 36 7 35 48 8 43 9 2 12 5 10 39 11 33 38 19 24 49 25 30 26 6 13 17 46 20 22 18 21 42 44 23
27 49 17 50 1 6 40 47 46 7 9 43 21 2 39 45 10 25 14 44 5 4 19 38 23 36 16 15 34 35 32 37 31 11 8 20 3 26 42 48 30 24 28 13 22 12 41 29 18 33
49 50 25 36 2 1 5 28 41 31 6 4 45 14 39 9 42 15 11 17 7 12 43 40 46 3 8 37 33 38 35 22 34 13 18 20 10 16 32 26 23 47 24 48 29 44 19 27 30 21
24 29 30 32 42 9 15 45 36 4 6 41 5 1 10 46 44 31 43 35 12 20 38 39 47 33 50 40 34 3 37 17 22 18 14 27 21 7 2 48 8 25 49 23 28 16 26 11 13 19
27 49 2 39 3 14 4 32 7 31 36 6 9 40 23 8 48 47 38 26 34 50 1 37 10 22 43 41 45 44 25 30 42 16 5 11 15 24 18 12 29 33 35 20 28 13 46 17 21 19
46 47 48 2 3 4 5 6 8 1 45 44 7 43 42 41 40 39 38 10 9 37 36 35 34 33 13 12 11 31 32 25 29 30 14 15 26 27 28 16 22 18 19 20 21 17 24 23
26 25 50 24 27 23 28 22 29 1 30 21 31 20 32 2 49 19 33 18 48 3 34 4 35 17 36 16 47 15 46 5 37 6 38 43 39 7 40 8 41 9 45 10 44 13 12 14 42 11
26 7 50 5 21 4 48 2 12 23 28 22 25 3 43 46 29 9 1 14 30 38 16 20 34 19 44 18 49 17 24 31 33 6 41 15 32 45 40 8 35 39 13 42 36 27 10 37 47 11
14 8 50 16 37 18 41 3 5 19 12 29 49 10 28 13 2 46 48 47 21 40 45 33 42 17 23 7 39 20 6 24 44 31 38 26 11 15 4 1 30 25 22 34 32 43 36 27 9 35
38 50 21 17 14 16 45 46 39 3 43 5 31 41 42 13 7 9 40 4 10 8 35 29 44 2 6 23 22 36 12 18 15 48 49 27 19 34 30 1 20 33 47 37 25 32 28 26 11 24
30 19 44 40 27 48 11 47 8 45 3 35 43 49 31 2 46 41 37 1 28 25 15 16 10 23 36 17 6 12 26 14 4 9 13 39 32 42 50 7 20 5 38 22 33 24 29 21 34 18
14 19 12 2 1 8 11 9 4 16 17 3 18 13 20 5 6 15 10 7
46 50 1 2 49 48 47 3 4 5 27 6 43 44 45 23 24 25 26 41 42 7 8 9 40 10 11 28 29 30 22 21 36 12 13 31 32 20 19 18 37 38 39 14 33 34 35 15 16 17
32 50 19 20 25 26 40 27 1 21 5 48 47 24 37 8 46 45 15 30 28 29 6 44 23 43 18 17 42 3 4 41 14 39 9 11 10 49 22 33 16 34 2 12 13 36 35 7 31 38
46 25 50 5 20 1 39 23 30 22 14 24 26 19 28 49 8 2 43 18 37 41 31 9 44 47 32 4 33 12 45 15 21 6 34 17 35 42 3 11 40 48 10 13 38 29 27 16 36 7
43 8 48 19 1 27 25 21 30 10 50 4 32 40 45 11 13 5 36 46 7 14 12 35 49 47 16 9 18 17 39 33 41 20 23 34 22 15 37 42 6 31 3 29 44 24 38 28 2 26
25 50 44 30 6 20 4 28 34 10 21 49 27 48 24 12 2 26 3 17 18 42 47 45 9 1 23 41 33 43 19 5 15 31 7 22 46 32 8 11 16 40 13 39 29 38 14 37 35 36
40 50 15 48 28 1 46 19 5 37 22 3 14 42 10 4 2 6 39 41 38 13 49 20 27 9 25 35 34 33 26 32 16 17 31 21 47 7 36 29 45 8 23 18 11 24 43 44 30 12
45 9 50 47 24 10 14 28 32 7 46 42 2 38 12 41 11 34 1 44 4 8 40 33 27 43 21 39 22 17 48 18 6 30 5 23 25 26 49 16 36 3 37 20 29 13 31 15 35 19
48 25 50 24 49 23 27 1 26 2 47 5 30 4 45 3 44 6 28 22 29 7 46 21 43 20 42 17 41 18 40 19 14 16 31 15 33 39 32 8 38 13 37 9 34 12 36 10 35 11
44 43 50 41 4 21 48 46 42 47 2 5 6 8 30 49 45 35 36 16 12 13 32 38 37 39 40 1 7 3 10 9 29 23 27 33 31 34 14 17 24 26 25 19 15 11 18 20 28 22
24 31 26 10 50 37 48 3 20 43 44 42 12 4 30 14 46 7 6 9 25 33 38 21 15 35 8 40 17 13 36 49 41 23 22 11 32 1 2 28 45 16 5 29 47 39 27 19 34 18
35 50 5 2 13 39 32 49 46 40 43 38 31 21 44 10 47 45 48 8 3 9 33 12 22 11 42 1 29 15 30 36 6 19 34 14 4 7 24 23 27 37 18 28 41 26 16 17 20 25
12 2 4 3 1 13 14 15 6 9 7 16 8 10 5 11
48 38 44 50 47 15 42 18 24 49 16 43 3 9 33 7 22 46 14 45 40 35 8 39 36 37 31 5 34 1 13 10 17 2 26 20 6 19 41 29 12 4 30 21 23 27 25 28 11 32
34 39 7 48 3 42 12 1 50 31 25 26 24 37 49 33 45 28 44 16 9 6 11 20 29 13 32 21 18 43 46 27 14 19 17 15 38 30 22 4 36 40 8 2 41 35 10 47 5 23
1 31 16 4 13 50 9 6 12 47 5 11 49 28 26 7 44 40 29 8 19 43 35 39 46 42 18 15 10 38 45 2 37 36 17 20 3 21 24 25 33 34 23 48 30 41 27 14 22 32
40 23 37 16 19 6 24 28 39 15 17 1 27 30 34 2 35 29 22 3 36 33 31 12 11 13 25 20 8 4 26 7 18 14 32 21 38 9 5 10
36 26 47 21 13 50 46 45 4 43 8 41 40 12 5 37 39 9 7 1 30 32 42 6 49 27 35 38 28 31 33 24 15 25 16 11 44 29 3 2 22 48 18 14 23 17 10 34 20 19
49 14 38 1 41 2 30 3 46 17 45 22 44 23 31 24 43 21 25 32 29 5 27 19 34 35 6 47 48 16 28 4 20 15 33 42 40 7 18 50 39 13 8 11 37 36 26 9 12 10
49 2 1 50 46 41 43 48 3 4 5 47 44 8 7 6 45 42 9 10 11 40 12 39 37 14 13 38 31 30 29 28 27 26 25 24 19 32 21 22 23 34 17 18 33 36 15 16 35 20
26 36 50 11 2 10 4 39 41 43 44 18 9 15 23 5 45 48 40 31 17 32 38 21 16 20 3 22 14 46 13 12 6 49 35 7 47 25 42 27 29 1 8 30 24 33 28 37 19 34
50 4 30 26 18 27 42 44 15 48 43 28 13 46 47 45 6 17 5 29 25 24 14 39 8 2 20 36 19 33 21 3 11 32 9 40 12 10 1 34 49 31 16 35 22 38 7 23 41 37
11 10 5 8 4 6 2 9 7 1 12 3
30 1 49 45 47 44 48 36 43 31 42 4 20 33 40 10 8 6 35 5 11 9 28 37 16 39 13 32 2 38 12 29 7 19 34 50 41 15 17 3 14 46 24 22 18 27 26 25 21 23
2 4 9 49 32 1 35 5 50 47 44 33 40 7 31 37 30 12 38 11 16 41 8 43 6 10 13 15 18 45 48 14 24 29 21 17 36 42 39 46 22 28 23 27 20 3 19 25 34 26
3 1 23 50 17 5 34 48 44 31 37 2 35 11 4 16 38 49 36 6 27 41 28 7 10 8 13 43 40 9 12 24 20 33 26 39 14 47 18 15 30 19 25 45 42 29 21 32 46 22
12 16 1 4 18 24 2 23 3 13 8 11 15 9 21 19 10 6 22 5 7 17 20 14
35 7 3 46 1 43 6 41 48 2 39 5 45 42 40 4 9 44 36 8 24 11 16 38 19 31 14 12 18 26 15 37 22 21 33 17 10 34 25 28 29 13 32 27 30 20 47 23
9 48 45 46 47 42 39 2 1 6 3 5 4 13 7 12 34 43 44 41 32 31 14 25 30 27 40 17 35 38 37 23 22 21 33 36 8 20 19 24 18 15 16 10 11 28 29 26
42 36 50 33 49 47 4 12 46 20 6 14 1 10 41 48 17 35 37 32 2 3 39 30 34 19 13 23 44 40 45 38 25 27 15 24 11 5 18 7 28 29 9 31 16 43 22 21 26 8
48 12 20 1 43 49 18 47 24 36 21 46 50 4 3 6 14 7 44 8 42 30 5 38 45 39 31 10 37 9 2 11 23 34 15 27 35 33 22 32 13 41 25 17 29 19 16 40 28 26
50 49 48 1 2 3 4 5 6 47 46 45 44 7 8 9 10 41 42 43 14 13 12 11 40 39 38 15 16 17 18 19 20 37 36 35 34 33 32 31 30 21 22 23 24 25 26 29 28 27
6 17 3 1 20 5 21 25 7 14 2 24 22 11 9 4 18 26 8 15 19 12 23 16 10 13
37 34 39 25 2 3 28 27 31 24 5 1 48 40 47 21 22 46 29 18 14 19 45 30 32 23 4 17 43 35 7 33 44 8 20 9 36 50 42 16 41 11 13 10 49 26 38 6 12 15
50 45 49 18 48 7 2 9 28 24 27 23 30 10 1 5 44 25 21 26 22 29 4 8 46 47 13 16 34 31 40 19 12 42 41 43 3 6 35 32 38 20 37 33 36 17 11 15 39 14
4 25 46 49 48 39 9 8 50 19 31 6 23 42 43 2 3 28 1 10 14 27 5 41 47 18 37 40 20 45 16 15 13 12 17 36 22 24 35 33 32 38 30 26 29 44 34 7 11 21
31 16 8 14 9 40 10 4 50 13 47 41 18 34 44 46 3 32 29 6 24 43 33 5 49 39 37 38 35 7 2 15 30 48 12 36 21 19 22 1 17 42 23 20 27 11 28 45 26 25
23 2 14 1 12 42 34 31 32 39 11 5 7 9 26 13 16 45 6 46 17 25 18 43 49 50 38 15 37 36 47 19 24 41 10 22 21 8 29 20 33 40 44 4 35 27 48 30 3 28
3 34 47 4 9 26 1 36 38 49 21 8 7 37 32 14 43 46 45 44 11 13 12 40 15 23 17 28 22 31 41 42 18 24 30 6 16 39 29 10 25 50 27 48 19 35 5 2 20 33
32 40 1 49 7 44 39 43 10 3 46 29 15 28 41 5 17 6 8 37 18 47 11 33 12 13 30 34 26 50 24 31 35 2 16 9 36 21 19 14 45 23 4 38 20 42 48 22 25 27
39 38 1 3 18 24 48 16 36 42 50 7 46 10 11 41 45 25 6 2 43 12 34 37 49 15 13 8 14 21 47 40 35 44 31 32 17 22 30 33 9 23 4 26 19 28 5 27 20 29
50 9 26 2 47 11 42 25 49 4 5 21 27 48 45 23 3 46 30 22 43 36 31 20 6 19 44 18 17 15 28 16 34 24 35 33 32 14 37 38 40 12 39 29 13 10 41 1 7 8
2 6 4 1 5 3
23 2 27 4 15 28 10 16 19 25 3 8 1 30 5 26 17 12 18 14 11 9 22 20 29 21 7 6 13 24
49 32 2 40 9 4 5 43 46 48 12 24 7 10 44 14 22 42 37 35 1 50 13 6 25 15 17 47 19 29 26 30 28 27 20 3 31 23 11 18 16 39 36 38 21 41 33 45 8 34
49 46 47 50 1 48 3 2 5 42 45 44 43 6 9 8 11 4 41 40 7 10 13 12 15 14 39 16 37 38 35 18 33 20 31 22 29 24 27 26 17 36 19 34 21 28 23 30 25 32
32 1 30 14 16 29 6 33 3 27 10 26 2 25 8 23 4 18 20 5 21 7 34 9 31 11 28 13 24 15 22 12 19 17
4 10 7 1 11 9 6 8 12 2 5 3
41 42 43 46 47 2 1 7 6 5 3 4 38 39 40 34 44 8 9 10 45 48 13 11 37 35 36 33 32 17 18 31 30 29 19 20 14 15 16 25 26 27 21 24 23 12 22 28
50 1 2 3 4 5 6 47 48 49 46 13 12 11 10 9 8 7 14 15 16 17 18 19 20 21 22 41 42 45 44 43 40 39 23 24 25 26 27 37 38 36 30 29 28 31 32 33 34 35
4 50 36 42 17 20 49 37 23 39 7 3 43 47 2 46 13 44 33 48 6 15 40 18 45 11 1 32 34 5 38 41 12 28 22 9 24 8 27 19 31 14 16 30 10 25 21 29 35 26
20 15 2 9 4 3 16 6 18 11 8 5 12 19 14 1 13 7 10 17
50 41 7 13 38 1 9 43 12 37 20 18 39 47 49 3 16 40 17 8 45 14 15 32 28 33 48 24 29 10 4 11 26 35 36 5 27 46 42 2 30 34 44 19 25 21 31 23 6 22
26 50 41 2 5 1 8 3 43 33 6 4 17 31 42 27 12 34 44 35 19 47 37 28 30 36 14 9 7 20 15 13 29 49 32 16 10 45 18 11 21 23 40 39 38 24 22 46 48 25
25 18 48 16 47 39 4 33 5 46 14 45 1 20 7 11 22 8 26 3 44 40 31 9 30 36 10 38 17 12 29 49 35 34 28 37 42 6 32 50 27 19 21 43 24 41 23 15 2 13
41 45 3 5 48 46 2 39 25 38 22 4 40 32 44 8 26 9 35 36 34 11 47 1 10 6 33 37 16 12 18 43 19 31 21 23 7 24 50 28 29 20 27 17 49 13 14 30 42 15
33 39 1 40 5 28 35 22 4 45 44 37 7 2 34 6 31 43 18 14 32 8 26 9 10 30 21 29 23 41 38 24 20 11 15 25 36 27 12 13 16 46 42 3 19 17
24 19 29 38 27 41 22 1 14 5 30 21 34 23 3 16 26 42 36 33 8 37 15 6 9 18 10 7 28 20 32 4 17 2 40 11 25 31 35 12 39 13
23 24 49 48 46 44 9 10 42 47 40 45 2 35 4 7 38 41 32 11 3 6 5 39 36 33 34 50 8 15 12 43 14 17 16 19 20 30 1 13 18 28 27 25 26 37 29 22 21 31
15 45 1 16 49 46 48 41 3 13 32 42 47 39 4 35 34 6 10 7 44 9 29 11 14 40 22 2 21 36 24 17 43 5 26 33 38 8 28 25 37 23 31 50 27 18 12 19 30 20
49 50 48 47 46 45 44 32 1 2 3 4 5 10 9 8 7 6 43 42 41 40 39 36 37 33 34 35 11 12 13 14 30 31 15 16 17 18 29 28 26 27 38 19 20 24 25 21 22 23
6 7 31 49 27 1 2 3 4 13 5 15 28 48 21 47 19 16 9 25 44 23 22 45 10 18 26 35 11 20 14 43 46 42 37 36 34 24 12 38 30 40 8 39 41 50 17 33 29 32
37 49 45 39 4 47 1 2 3 48 44 6 24 5 20 42 9 18 29 41 43 33 46 35 14 16 15 40 19 34 50 30 27 17 8 36 38 12 25 13 32 10 11 22 21 23 26 7 31 28
13 36 50 5 6 4 44 33 22 31 48 21 30 19 24 41 47 28 46 2 35 39 43 26 18 25 16 7 32 8 1 10 34 9 23 14 42 11 3 12 45 20 37 38 29 17 40 49 27 15
3 2 1 5 4 6
9 50 46 1 2 3 43 28 34 18 44 4 41 40 20 8 39 45 13 42 10 38 6 35 47 5 11 21 25 32 16 29 30 12 37 14 31 15 7 33 36 26 22 17 23 19 48 49 27 24
33 45 38 1 6 4 47 5 40 7 30 8 34 16 49 26 50 46 48 10 15 14 32 36 39 12 42 43 17 41 25 11 35 19 37 44 13 29 2 27 18 20 3 24 31 9 23 22 28 21
1 39 26 45 43 18 33 13 3 8 14 31 47 41 27 9 35 10 44 11 4 12 38 49 40 30 28 2 15 37 6 32 34 25 42 48 5 50 16 19 46 36 7 21 20 23 22 29 17 24
1 50 41 2 38 5 14 49 43 25 6 12 23 45 7 46 34 18 8 39 4 47 28 29 19 16 33 48 31 22 3 44 13 30 26 10 11 27 42 37 24 17 21 9 40 32 15 20 36 35
3 25 1 4 37 46 2 27 11 19 35 9 30 50 42 48 17 16 38 6 18 20 39 28 7 22 40 10 13 5 34 31 33 32 15 45 26 29 8 44 14 47 24 36 12 43 23 49 21 41
9 3 1 2 4 5 6 7 8 10 12 11
34 29 26 9 5 43 10 49 37 13 23 48 42 18 39 16 12 8 30 44 33 2 36 14 17 3 47 15 45 35 28 1 22 46 19 50 24 21 4 40 25 32 31 41 7 20 38 6 11 27
28 44 3 33 2 5 1 21 19 7 47 4 37 24 6 45 35 11 36 50 49 42 32 18 8 41 30 39 9 34 26 38 10 14 13 40 12 29 15 48 23 43 22 31 16 46 17 20 27 25
3 1 49 44 50 16 19 7 48 36 47 21 28 37 43 20 23 2 29 39 30 24 34 4 12 17 46 26 42 5 13 15 40 14 18 41 32 25 10 6 27 45 33 11 31 38 35 9 22 8
1 49 16 8 17 47 7 35 5 4 46 34 25 28 11 13 9 48 44 37 29 45 43 6 12 36 40 27 19 3 38 39 42 32 20 15 14 26 24 31 30 2 50 21 18 41 33 22 10 23
37 34 1 13 32 27 46 20 6 3 30 4 15 48 43 14 49 31 11 19 36 38 44 9 16 35 50 7 47 25 2 45 21 5 42 10 23 12 33 28 29 40 22 39 41 17 26 18 8 24
43 47 2 35 44 40 49 42 4 36 1 48 45 10 3 46 5 14 15 7 50 24 37 11 41 30 21 19 12 28 9 17 8 18 27 38 34 20 32 26 33 25 6 39 29 31 16 22 13 23
10 29 5 49 33 19 50 48 17 25 23 7 46 42 18 4 37 35 27 22 3 45 31 8 30 32 44 1 41 6 38 20 47 12 26 13 21 34 16 15 39 9 24 14 36 2 28 40 43 11
30 49 18 1 5 7 29 23 47 44 48 2 42 41 28 3 6 25 4 43 40 15 10 33 11 9 37 13 24 14 34 21 12 39 38 36 17 35 8 26 20 27 45 19 16 31 22 50 46 32
8 7 14 1 13 11 9 5 4 2 12 10 6 3
3 19 15 1 6 11 20 18 13 17 8 16 9 7 4 2 12 10 5 14
9 16 15 2 13 8 5 3 1 11 10 4 14 6 12 7
30 6 19 32 40 2 24 3 33 5 14 26 20 36 34 35 18 29 39 16 17 22 23 37 13 1 27 28 4 25 31 15 38 21 10 12 8 7 9 11
6 48 12 4 17 44 21 34 5 10 1 29 2 43 31 30 46 13 9 38 42 19 11 39 14 35 18 41 45 37 40 20 47 36 49 8 16 28 7 50 27 22 15 26 33 23 32 24 3 25
13 19 16 49 6 9 8 3 12 21 10 18 14 31 50 7 15 41 46 27 4 47 20 40 44 11 37 35 48 2 26 33 38 17 24 42 36 43 22 1 32 29 34 5 45 23 30 39 28 25
34 1 2 3 4 5 6 7 8 9 10 11 48 47 46 45 44 41 40 39 18 17 16 15 12 13 14 35 36 37 38 43 42 33 32 31 26 27 28 29 30 19 20 21 22 25 24 23
1 2 50 49 48 47 46 45 44 43 42 41 40 3 4 5 6 7 8 9 10 39 38 11 12 13 32 33 34 35 36 37 14 15 16 17 18 19 20 29 30 31 22 21 26 27 28 23 24 25
50 49 37 5 2 6 7 12 13 48 46 11 15 10 45 43 44 39 38 33 8 35 9 4 3 16 17 14 18 19 29 47 42 41 40 30 20 21 22 26 27 28 1 31 32 34 36 23 24 25
27 19 11 1 16 29 3 6 45 7 40 8 15 14 47 48 24 46 2 5 13 43 34 42 28 31 44 9 17 41 39 49 38 36 26 37 12 18 20 32 35 21 4 50 10 33 25 30 23 22
48 46 47 4 44 13 45 3 21 16 20 14 43 30 28 38 40 10 22 33 26 6 32 7 17 5 2 34 31 23 29 8 12 39 37 25 36 27 1 24 19 9 42 18 41 11 35 15
2 18 27 48 50 41 25 32 21 49 6 46 8 36 37 43 33 42 11 45 10 17 28 47 12 4 39 40 15 9 5 24 44 20 26 35 29 34 7 16 23 13 1 19 22 38 14 31 3 30
37 39 43 45 50 44 49 18 48 29 5 13 2 3 7 40 1 42 41 4 25 34 30 20 16 6 27 24 46 26 38 17 21 19 33 10 12 11 32 23 28 9 36 14 35 47 31 8 22 15
2 50 1 43 49 5 42 44 6 40 47 32 48 45 10 11 9 4 14 18 46 38 17 25 26 13 15 30 21 34 7 29 24 8 36 31 20 16 3 12 39 22 33 19 41 35 37 27 28 23
8 32 50 12 1 48 27 23 40 31 2 46 15 28 11 44 20 9 19 42 7 30 17 10 29 36 5 6 21 33 3 34 49 39 35 13 37 26 25 45 38 43 47 22 41 4 16 18 24 14
20 12 7 3 1 39 10 32 43 49 9 11 46 8 41 13 35 16 38 24 2 31 5 34 6 42 28 44 25 21 47 40 27 19 37 45 15 17 14 4 18 22 26 50 23 29 48 33 36 30
5 2 1 4 6 3
29 40 50 48 20 1 6 5 19 42 7 8 25 49 43 2 11 9 10 23 39 36 12 33 14 26 37 28 18 30 46 35 45 27 38 41 3 15 47 21 34 22 32 17 31 44 13 4 16 24
9 4 3 5 1 10 12 11 2 7 8 6
20 24 21 17 18 22 23 8 7 6 9 10 5 4 16 15 13 19 3 2 1 14 11 12
22 5 12 50 42 44 10 49 8 45 41 38 17 9 48 25 13 37 20 36 46 4 21 23 16 34 2 30 19 29 18 7 39 28 6 11 35 15 27 26 47 31 43 3 40 14 33 1 32 24
49 50 21 1 3 4 23 48 5 6 18 32 47 33 45 44 39 7 35 43 38 42 28 41 13 14 37 29 19 40 11 16 46 36 20 10 31 8 30 2 22 17 9 15 26 12 27 25 24 34
26 4 50 23 2 39 32 44 10 49 11 3 43 7 12 1 30 42 19 29 22 36 47 6 46 13 34 38 35 5 18 15 17 16 14 21 37 20 8 25 24 9 40 45 41 27 31 28 48 33
1 48 38 3 35 5 16 6 15 30 8 44 13 11 9 43 45 49 47 28 18 20 42 14 40 46 19 41 17 29 23 22 33 24 7 10 39 2 27 12 37 4 36 50 25 34 32 21 26 31
2 1 4 3 46 47 48 5 6 7 8 9 10 45 44 43 42 41 40 39 38 37 36 35 34 13 12 11 14 31 32 28 18 17 16 15 33 26 27 19 30 29 25 24 20 21 22 23
43 47 2 28 49 14 50 23 48 7 46 1 29 4 5 27 20 16 13 41 9 38 11 22 45 36 40 34 15 33 3 30 26 25 35 21 31 39 42 44 12 18 6 19 8 37 10 32 17 24
48 1 25 20 29 5 49 43 22 23 50 28 30 3 32 15 4 17 40 10 45 46 2 6 47 19 8 41 33 11 7 27 24 31 35 9 21 42 44 16 36 14 37 34 38 18 39 12 26 13
8 6 1 4 2 7 3 5
47 14 43 27 10 33 46 41 1 50 42 4 37 13 6 35 36 3 45 30 40 15 7 44 34 9 16 39 32 12 8 29 20 5 18 48 28 11 19 31 25 38 21 2 24 17 22 49 23 26
1 2 3 4 14 5 6 13 7 10 11 8 12 9
49 47 1 3 41 48 42 12 7 44 46 31 8 4 35 5 33 34 13 11 6 26 14 40 37 43 50 20 17 29 21 19 22 36 38 18 16 15 30 28 24 32 2 45 23 25 10 39 9 27
2 1 3 6 7 8 5 4
4 5 47 48 45 44 43 46 42 39 38 37 40 41 11 10 1 33 32 12 18 17 16 13 14 15 28 29 6 3 7 8 9 36 35 34 30 27 26 25 21 24 23 2 31 20 19 22
1 34 4 2 49 30 23 18 6 14 8 12 24 41 46 47 43 15 40 45 25 16 5 44 22 27 35 38 31 42 10 3 36 39 13 48 11 33 26 50 19 32 9 28 7 17 21 37 20 29
10 3 4 14 21 23 24 20 6 5 25 7 8 13 22 1
4 15 5 11 9 7 1 10 12 6 13 2 14 3 16 8
48 1 2 3 4 47 46 45 44 43 42 41 12 5 6 7 8 39 40 37 38 11 10 9 32 33 34 35 36 13 14 15 16 17 18 19 20 31 30 29 28 23 24 21 22 27 26 25
12 18 48 47 45 40 38 42 27 30 14 33 3 35 4 5 44 9 7 25 46 23 8 34 29 6 26 15 19 17 22 41 24 32 11 39 10 2 28 37 31 16 21 43 13 1 36 20
21 41 49 1 10 24 27 46 28 3 22 23 47 48 29 4 2 5 30 50 45 20 31 6 17 7 43 36 32 9 33 26 42 19 25 18 40 35 34 12 39 44 38 16 11 15 37 14 8 13
50 45 43 49 9 36 44 47 4 31 7 48 6 8 41 15 34 39 2 13 11 10 14 16 42 21 18 33 17 25 3 46 35 1 22 30 19 29 5 23 20 38 26 37 24 27 40 12 28 32
2 4 49 1 3 6 47 48 46 8 7 5 26 41 42 44 13 11 9 10 50 15 16 14 12 37 39 40 38 35 33 34 36 45 43 18 17 19 21 28 30 23 27 25 32 31 24 22 20 29
50 1 21 24 49 14 27 25 48 23 28 3 43 22 46 4 40 26 31 15 12 20 45 13 32 18 44 7 33 10 8 34 16 37 36 35 6 5 47 9 42 2 38 17 41 19 29 30 39 11
3 25 14 10 17 49 26 29 13 48 2 20 15 42 38 12 41 45 43 32 5 6 39 4 46 40 23 47 21 8 19 28 9 16 33 50 27 11 30 7 36 1 31 44 35 18 24 37 34 22
50 3 49 24 16 41 26 27 23 22 47 21 32 20 46 10 45 19 39 25 29 37 31 17 30 48 44 15 6 34 4 5 42 40 28 7 1 43 38 14 18 9 33 13 8 2 35 12 36 11
2 10 1 3 6 8 7 4 5 9
28 19 3 40 18 30 13 4 32 5 46 34 45 8 44 7 26 9 49 14 10 41 36 15 38 20 43 39 12 37 11 29 24 33 16 31 48 17 50 2 22 35 47 27 6 21 1 23 42 25
1 3 2 7 23 22 24 19 18 9 5 4 6 15 14 11 10 20 21 8 13 12 17 16
50 49 48 35 2 1 45 40 6 43 39 3 4 41 42 44 36 37 38 17 27 5 10 15 16 9 12 33 34 18 14 11 32 47 8 7 30 29 13 46 28 25 26 24 23 22 31 21 20 19
43 7 44 19 28 46 37 5 8 1 27 41 25 31 34 6 13 38 39 33 4 47 22 42 16 35 21 14 11 45 29 2 12 30 36 15 48 17 32 18 3 26 20 24 9 40 10 23
13 4 15 18 6 9 19 1 21 20 14 8 3 12 22 17 11 10 16 2 5 7
45 48 6 15 14 1 36 33 4 43 39 3 38 26 10 42 30 37 21 46 7 35 40 5 8 2 16 47 17 12 13 49 34 18 32 19 24 22 28 25 11 9 23 44 29 50 31 20 41 27
12 11 23 26 28 1 2 3 6 5 4 13 20 21 22 25 19 14 18 27 30 24 7 8 9 10 29 16 15 17
1 2 8 50 3 34 46 17 25 44 45 23 7 4 43 6 31 15 10 21 35 48 13 40 14 12 37 9 11 38 33 47 49 16 22 32 27 30 19 36 42 20 5 28 18 26 29 39 41 24
49 47 39 37 43 41 6 4 5 8 14 7 38 36 46 40 48 45 44 34 33 13 16 3 10 2 12 15 11 9 1 35 42 50 31 19 21 20 22 29 28 17 18 24 32 23 30 27 26 25
17 26 1 19 11 35 3 40 46 49 31 48 2 42 29 12 16 47 33 13 9 20 10 18 8 50 45 6 15 37 38 4 28 44 21 22 23 27 34 14 24 36 30 7 25 41 5 39 43 32
3 46 33 34 4 24 6 36 9 29 32 5 35 27 47 43 15 30 19 8 50 10 20 14 41 16 23 37 45 44 40 22 17 42 25 28 26 13 38 31 7 2 11 48 12 21 1 39 49 18
35 33 32 20 31 30 5 29 28 27 26 25 24 34 36 37 2 39 21 15 38 40 18 17 16 1 4 3 9 10 11 22 23 6 13 14 8 7 12 19
49 4 44 22 24 50 25 46 11 29 2 6 18 7 23 34 20 40 1 35 36 12 33 41 5 47 9 10 21 37 31 45 13 28 27 42 32 30 48 38 15 8 14 39 26 19 3 16 43 17
3 1 27 44 12 35 41 29 24 4 49 11 17 5 38 13 7 19 34 23 37 48 30 22 15 50 10 9 42 46 6 26 45 2 16 28 31 32 8 43 21 33 20 40 25 47 14 39 18 36
1 5 3 2 6 8 7 9 49 50 4 48 47 19 45 44 43 21 37 46 30 16 17 18 24 14 13 15 35 34 20 42 41 40 10 11 39 38 12 26 27 25 29 28 31 33 23 22 36 32
1 2 15 14 19 18 17 22 21 20 24 6 7 8 23 13 9 10 11 12 3 4 5 16
18 5 4 6 41 50 1 11 10 13 12 49 42 48 16 47 8 33 17 7 38 31 36 22 29 43 9 45 44 21 2 26 25 24 30 40 27 35 23 14 28 39 3 37 20 15 19 32 46 34
12 7 21 49 24 13 4 17 47 22 11 9 45 1 30 27 39 15 50 2 5 6 8 44 10 43 16 28 3 23 34 25 42 14 18 29 20 41 40 32 46 31 35 33 38 48 37 26 19 36
1 7 5 2 8 9 6 4 10 3
50 39 43 1 9 24 48 23 17 2 26 3 10 8 37 44 35 6 41 47 31 4 32 34 29 21 5 20 33 28 49 16 22 18 45 7 46 27 42 11 36 12 15 19 30 38 40 13 25 14
2 1 48 44 45 12 11 3 4 5 47 46 38 14 19 30 35 6 22 23 7 8 34 10 9 13 24 42 43 27 28 32 41 40 39 16 15 31 29 25 26 36 37 33 18 17 21 20
4 3 2 1 47 48 6 5 10 9 8 7 13 45 46 32 31 36 11 12 17 27 28 29 30 44 43 42 26 25 24 23 18 33 34 35 20 21 22 41 19 40 39 38 16 15 14 37
6 7 4 1 5 8 3 2
15 50 40 48 30 36 49 47 46 20 13 1 44 19 4 6 42 7 41 24 12 3 43 18 17 9 16 28 37 10 39 11 23 22 38 26 31 14 5 8 32 35 34 45 29 33 27 25 2 21
19 20 43 48 47 45 44 38 37 36 46 2 1 3 4 12 27 28 24 23 25 26 42 6 5 7 8 30 29 21 22 18 31 32 33 35 34 9 10 11 16 17 13 15 41 40 39 14
37 33 20 19 38 24 5 42 43 47 12 34 40 39 3 2 4 22 11 9 10 15 35 25 6 41 36 46 48 17 45 30 8 49 16 21 7 26 18 50 13 23 1 32 44 28 27 29 14 31
6 1 2 5 3 4
45 18 24 4 46 34 6 11 41 8 37 13 9 14 30 40 7 22 12 35 1 42 32 38 19 10 36 28 3 26 44 16 2 31 43 29 33 17 25 15 20 39 23 27 5 21
1 2 48 47 46 45 44 43 42 41 40 3 4 5 6 7 8 9 10 11 38 39 36 37 12 13 14 35 34 33 32 15 16 17 18 19 30 31 20 21 22 23 24 25 26 29 28 27
50 11 46 2 5 36 8 25 30 49 28 6 42 47 48 4 44 24 32 23 29 3 16 19 27 21 35 20 37 22 9 7 38 18 1 10 45 43 39 12 41 13 34 40 33 17 26 15 31 14
3 19 7 1 49 47 45 12 43 5 35 42 6 41 38 34 44 40 37 39 48 8 46 11 33 9 10 14 4 31 26 28 32 27 16 25 29 13 50 22 36 18 21 24 23 20 30 17 2 15
42 50 48 14 4 3 2 10 47 36 15 38 22 9 16 24 8 44 41 45 49 29 13 19 39 12 25 11 37 46 5 21 23 1 18 43 20 7 32 40 30 26 33 34 27 17 35 6 28 31
1 4 3 2
11 21 2 8 23 25 24 1 7 22 20 19 4 14 6 5 10 15 12 3 16 18 9 17 26 13
11 1 43 49 24 47 48 27 7 3 46 18 8 42 21 4 39 9 6 2 33 12 16 37 10 41 30 35 31 5 25 40 15 20 45 22 23 26 13 50 34 19 14 44 38 36 32 29 17 28
28 44 39 20 18 48 14 47 41 46 29 42 32 23 25 1 9 11 8 45 7 13 43 2 4 5 40 6 34 15 35 24 12 38 22 37 36 27 16 33 3 50 10 26 31 30 19 49 17 21
47 41 33 25 38 24 48 17 30 2 28 14 39 3 32 43 31 4 9 40 44 18 26 5 21 19 45 35 6 13 42 11 46 8 49 16 22 50 23 15 36 29 20 10 7 34 27 1 37 12
11 44 36 47 9 10 4 2 49 30 42 8 45 41 13 38 3 50 27 17 14 35 21 43 39 16 20 34 19 12 48 7 40 24 46 32 28 15 18 29 31 6 25 26 22 5 33 37 1 23
10 2 1 16 49 47 24 38 4 31 46 8 17 45 50 5 14 44 42 15 30 36 12 11 39 6 13 48 3 34 20 32 33 41 26 29 21 43 7 37 18 28 23 35 19 9 27 40 22 25
26 2 14 1 27 7 28 24 49 31 29 20 30 22 23 43 47 50 3 5 19 48 46 16 15 32 34 41 4 8 40 18 39 37 44 6 45 10 12 21 38 35 36 17 9 33 42 11 25 13
48 47 2 46 45 44 43 6 42 41 40 39 3 4 8 7 5 1 10 9 13 12 37 38 19 27 26 25 29 30 11 35 36 23 24 20 21 22 14 31 32 33 34 15 16 17 18 28
1 2 15 23 10 5 25 26 24 7 20 18 22 21 12 6 4 17 9 19 11 8 16 3 13 14
47 44 5 6 42 43 45 48 46 41 13 2 1 3 8 4 7 16 14 10 40 38 39 36 33 35 37 34 15 12 9 11 21 28 31 30 32 18 17 19 22 25 29 26 27 24 23 20
7 6 13 5 1 8 2 9 3 15 12 4 10 14 17 18 11 16
3 48 50 47 21 13 2 14 31 26 5 9 24 11 19 23 6 40 7 1 8 39 41 38 35 43 36 15 10 16 12 45 32 20 49 22 17 37 18 44 33 34 46 27 4 30 42 29 25 28
49 48 39 2 3 13 4 6 8 1 9 5 50 46 47 37 27 38 14 42 10 26 15 32 18 40 34 41 33 7 16 35 31 11 22 12 30 20 43 36 44 24 29 19 28 23 25 45 17 21
48 24 25 23 22 26 27 2 1 47 19 20 21 46 45 44 3 17 18 29 28 43 5 4 41 42 16 15 14 40 39 12 13 32 31 30 6 7 38 37 11 33 10 9 8 34 35 36
49 1 41 38 4 2 16 35 3 32 13 43 33 44 50 21 14 30 48 10 7 39 18 36 46 11 40 6 17 9 19 28 31 15 29 47 45 20 27 5 34 37 24 26 12 25 8 23 42 22
1 9 19 49 24 47 3 6 18 31 46 43 45 4 37 8 7 21 2 12 5 42 32 11 22 15 25 26 38 40 34 48 29 39 28 13 33 35 17 14 27 44 41 50 36 16 10 30 20 23
6 2 4 3 5 1
45 22 2 1 13 20 23 49 48 47 39 7 40 43 32 5 31 42 30 3 44 15 50 25 19 41 27 33 16 11 9 34 8 37 17 36 14 35 24 38 12 10 6 29 4 18 28 46 21 26
6 1 5 4 7 3 2 8
50 2 1 46 18 47 48 49 25 3 4 5 6 7 11 10 9 8 39 40 12 43 42 41 45 44 34 33 32 31 38 37 13 36 35 27 26 17 16 15 14 21 22 23 24 20 19 30 29 28
32 31 1 18 22 19 3 28 34 29 27 16 25 30 23 24 7 13 26 4 5 10 9 36 6 2 17 33 15 8 11 20 35 12 21 14
29 46 5 12 9 28 6 18 47 19 8 16 1 7 48 42 37 30 14 25 36 44 34 4 43 40 31 15 2 33 45 10 13 11 17 39 24 35 22 21 23 20 3 32 26 38 41 27
49 7 1 33 6 32 9 13 28 48 10 26 3 35 39 42 11 18 41 4 36 40 5 38 24 44 43 50 34 23 47 37 8 45 12 16 21 46 25 15 17 30 19 2 20 27 22 31 14 29
10 6 13 12 11 9 8 7 18 2 3 4 16 17 1 14 15 5
3 1 50 49 2 47 18 26 34 45 46 22 44 38 42 16 43 35 41 6 4 25 40 10 36 12 9 14 11 29 7 15 17 37 19 5 23 32 8 20 31 30 33 21 24 39 27 48 13 28
41 50 24 48 1 37 46 15 18 42 39 3 20 2 43 9 45 6 13 29 8 17 33 40 35 36 47 25 5 38 31 21 30 14 4 11 12 34 26 10 16 23 49 7 27 19 44 32 28 22
40 49 2 13 41 27 7 50 10 45 3 39 4 42 22 6 5 30 9 48 31 32 14 43 21 26 24 46 23 29 20 34 19 44 36 33 12 35 11 25 8 28 1 17 47 38 16 18 15 37
44 10 45 1 33 2 31 34 8 4 28 39 38 6 46 37 43 41 16 32 40 29 35 42 13 25 17 9 36 24 30 23 18 20 5 21 19 7 26 22 27 15 3 12 11 14
40 25 9 36 1 2 37 43 39 16 3 5 35 4 7 20 6 11 10 13 30 15 31 41 14 44 23 33 26 38 34 32 8 17 12 42 22 21 19 29 45 18 46 28 27 24
11 40 46 47 4 15 2 49 14 43 26 45 3 9 48 50 44 37 33 7 8 12 1 10 28 23 41 6 35 5 36 20 19 31 17 29 22 27 34 18 24 30 39 42 21 13 16 38 32 25
37 2 4 26 48 45 22 40 21 44 42 9 19 6 47 1 13 43 14 7 10 38 46 20 49 34 8 12 3 33 41 15 39 50 36 16 27 31 35 29 23 18 32 17 25 28 30 11 5 24
2 15 10 5 9 26 24 7 12 21 22 18 20 19 11 25 23 6 1 4 17 13 14 16 3 8
27 10 23 22 20 29 25 14 24 26 8 6 21 3 7 19 30 4 9 1 16 13 15 18 11 28 17 2 5 12
2 3 1 43 44 4 6 5 8 9 7 41 42 40 11 12 10 37 39 38 13 15 14 35 34 36 25 32 33 31 29 30 28 17 27 26 16 18 19 21 20 22 24 23
49 48 34 1 26 3 11 50 15 4 47 27 10 5 29 8 36 46 42 13 43 40 12 32 2 19 16 44 24 21 41 28 38 33 7 23 17 25 14 30 31 18 45 39 9 6 20 37 22 35
41 46 4 14 5 44 16 43 9 36 39 27 47 15 10 23 42 1 45 2 40 30 50 28 11 26 3 33 13 34 22 6 49 37 17 24 32 35 31 21 48 20 38 12 25 8 29 7 19 18
48 49 47 22 36 2 10 6 4 7 41 39 40 12 5 31 13 14 1 15 23 42 24 16 43 19 44 8 46 20 17 11 25 29 18 34 32 37 30 21 35 26 38 3 50 45 9 33 28 27
14 23 47 49 48 4 2 5 10 12 36 44 15 6 46 13 41 33 42 45 16 40 35 38 20 26 50 7 27 31 17 22 25 28 24 8 34 29 39 21 37 32 3 43 19 1 30 11 18 9
2 1 3 49 50 21 23 4 16 17 46 38 10 12 37 41 15 14 45 5 29 36 34 35 11 31 32 30 39 6 9 22 8 7 44 20 24 25 26 33 28 19 43 42 27 18 40 47 48 13
23 50 48 46 47 21 43 31 45 2 37 44 28 3 24 42 7 18 25 40 17 6 10 13 30 27 15 38 35 12 11 39 16 4 14 20 34 9 22 49 36 33 8 5 19 29 26 41 1 32
48 26 13 5 17 45 1 7 43 30 3 19 41 10 40 16 20 32 36 44 4 42 37 38 2 35 27 9 14 11 8 47 12 22 6 39 15 33 25 31 46 23 18 34 24 28 21 29
8 1 41 48 47 46 45 44 2 3 4 5 6 7 43 42 40 39 38 35 36 37 9 33 34 14 10 32 31 30 29 13 12 11 16 15 26 27 19 20 28 24 23 22 18 17 21 25
26 1 27 12 28 29 32 16 11 7 2 31 25 30 5 8 22 9 3 23 20 21 24 19 4 17 13 10 6 14 18 15
50 47 37 25 38 46 34 13 2 18 28 10 1 8 31 49 30 24 39 43 42 19 5 22 29 9 6 21 32 44 33 11 4 20 27 23 35 48 36 17 7 16 26 15 3 14 41 45 40 12
2 7 3 5 4 1 6 16 10 8 15 14 12 13 11 9
11 13 18 8 24 2 10 6 26 23 20 5 4 25 7 3 15 9 14 1 22 17 21 19 16 12
