7 8 1 17 14 16 18 11 10 4 5 6 13 2 9 3 15 12
38 40 25 43 21 22 49 14 31 37 44 18 11 45 32 9 24 12 42 26 5 48 2 41 28 19 23 16 35 30 8 1 20 13 47 17 29 7 27 34 4 33 46 15 6 36 39 10 50 3
10 1 9 4 28 45 17 21 20 38 27 33 14 42 25 23 32 24 29 12 13 11 16 7 8 2 3 35 31 44 39 40 36 43 34 50 49 48 46 47 37 41 19 22 15 26 18 30 5 6
7 8 9 39 38 37 11 10 40 41 42 6 5 43 44 45 3 4 46 47 1 2 35 36 12 13 14 34 16 15 33 32 31 17 18 30 29 19 20 21 27 28 22 26 25 23 24 48
49 1 31 15 5 4 38 7 10 20 27 47 29 42 23 25 12 18 17 6 14 21 26 46 24 44 8 43 33 45 9 34 37 39 36 28 3 35 16 2 50 41 32 13 19 40 11 30 48 22
1 19 49 6 5 48 3 2 12 7 8 37 21 16 10 15 17 14 4 9 18 23 22 11 13 20 30 24 25 26 27 46 31 38 35 33 29 28 39 40 42 32 34 50 41 44 43 45 36 47
1 5 3 4 2 6
34 9 37 8 39 47 6 43 28 50 46 31 42 38 18 48 49 23 7 40 10 21 2 24 16 35 14 11 3 5 30 29 4 33 32 13 45 22 25 1 15 44 12 26 27 41 19 20 36 17
1 8 5 4 2 3 7 6
45 44 43 42 41 40 39 38 37 36 35 34 33 32 31 30 29 28 27 26 25 24 23 22 21 20 19 18 17 16 15 14 13 12 11 10 9 8 7 6 5 4 3 49 48 47 46 1 2 50
12 1 18 26 4 33 13 35 20 11 15 8 21 27 29 22 10 25 30 7 34 28 3 19 16 32 31 14 24 23 5 9 36 6 2 17
2 19 8 32 15 33 1 24 44 34 46 5 12 11 17 16 13 10 23 3 29 36 25 18 38 4 26 40 30 35 6 21 22 43 39 47 14 20 45 7 31 27 28 9 42 37 48 41
3 26 20 14 46 43 50 48 9 13 28 44 2 4 41 6 33 23 24 15 38 19 18 37 8 1 7 40 49 34 35 10 39 12 45 16 21 27 31 22 11 42 5 30 17 29 47 32 25 36
15 14 7 8 9 10 6 5 1 11 12 13 2 3 4 18 17 16
40 9 10 5 6 1 3 8 12 23 20 13 7 2 16 24 21 19 35 31 22 17 14 11 26 27 28 29 33 44 38 41 32 48 47 18 46 45 34 37 15 42 39 36 30 43 50 49 4 25
47 8 9 20 37 2 30 27 49 22 19 10 26 32 17 40 33 36 15 1 5 25 46 43 39 28 3 18 29 50 44 11 12 21 34 23 16 48 31 24 7 4 14 6 45 35 41 42 13 38
11 21 35 20 26 17 37 45 24 29 12 41 27 16 9 3 39 4 10 33 18 46 23 43 14 44 32 13 50 7 48 31 19 36 5 30 15 40 6 34 22 42 25 8 28 1 49 2 38 47
18 20 28 4 33 1 45 23 30 13 25 8 6 46 37 14 26 22 27 15 3 12 11 21 5 9 17 7 19 10 44 24 36 42 35 29 40 32 16 41 43 34 31 2 38 39
43 30 46 8 6 20 17 18 33 7 4 22 13 2 31 41 3 39 16 45 29 19 21 9 32 34 38 24 10 11 37 23 27 5 35 42 26 1 36 14 44 40 25 15 28 12
42 39 30 11 32 34 15 24 22 45 29 35 16 13 21 40 43 47 41 33 6 18 17 12 8 19 31 7 48 25 28 23 14 44 20 3 9 26 27 10 1 2 37 36 5 4 49 46 50 38
45 48 8 32 26 14 11 30 6 19 37 47 36 38 42 44 27 16 20 18 10 28 49 34 25 15 4 2 5 24 39 50 3 33 41 9 21 17 35 29 7 1 31 46 12 23 43 13 40 22
16 3 8 11 19 9 26 24 7 1 4 17 13 14 20 18 22 21 12 5 25 2 15 6 23 10
16 1 10 21 15 13 26 29 18 5 2 24 30 19 7 12 9 4 6 8 25 23 22 17 28 20 27 11 14 3
35 34 36 25 27 26 16 18 17 7 9 8 2 3 1 12 11 10 20 21 19 29 30 28 39 37 38 41 40 42 31 33 32 22 24 23 13 15 14 4 6 5 43 44
11 50 23 22 2 9 43 40 35 12 32 36 8 29 34 1 10 42 26 3 44 24 14 25 17 39 45 13 49 48 37 20 38 30 31 18 5 15 4 33 7 21 47 27 46 16 19 28 41 6
2 15 50 28 34 48 14 10 13 33 3 44 29 41 31 35 32 22 9 40 30 1 8 45 16 19 24 17 37 21 18 7 36 4 46 43 25 49 6 11 26 38 20 27 39 5 42 23 12 47
26 31 38 3 15 1 9 19 25 11 23 42 30 33 28 24 16 50 45 27 43 47 49 12 5 22 29 7 20 14 41 44 8 17 39 40 48 32 4 6 21 35 13 34 18 10 2 36 46 37
30 11 27 31 35 50 28 15 18 7 33 49 48 4 2 37 16 9 22 39 13 47 21 36 44 32 12 10 29 26 20 45 42 41 8 34 23 14 38 3 43 19 40 5 6 46 25 1 24 17
50 49 34 44 43 23 5 6 11 10 12 26 25 47 46 45 14 13 48 7 2 1 3 33 9 35 36 18 32 31 30 27 42 41 40 39 38 37 28 29 22 4 24 21 17 16 8 19 20 15
13 34 9 46 36 30 27 5 19 38 21 15 2 11 39 7 29 26 4 16 47 12 41 43 3 28 33 35 42 48 50 23 32 20 14 49 22 18 10 24 8 37 44 1 25 40 17 45 31 6
38 8 11 18 29 24 21 35 20 32 36 14 46 31 25 26 13 2 5 37 42 34 16 1 7 23 17 28 41 10 40 33 15 9 27 4 44 30 3 43 19 47 12 22 6 39 48 45
6 7 8 1 2 3 4 5 17 24 23 22 18 19 20 21 25 9 13 12 11 10 14 15 16 42 43 44 45 46 47 48 41 33 40 39 38 34 35 36 37 29 28 27 26 30 31 32
6 27 1 28 12 20 23 18 9 13 17 25 15 3 30 24 10 29 32 16 31 26 2 7 11 14 22 8 5 21 19 4
2 1 14 38 47 37 25 30 42 32 19 5 20 27 46 31 18 6 22 29 44 28 15 8 11 41 43 36 23 9 21 26 16 7 12 35 45 33 24 4 17 40 48 39 10 3 13 34 49 50
1 3 5 4 7 2 8 6 9 12 14 10 11 16 13 15
12 2 5 20 8 24 4 13 23 26 6 25 7 11 16 19 21 17 18 3 10 14 9 15 22 1
26 37 30 32 17 16 5 48 3 47 7 8 10 39 40 28 29 14 6 27 15 36 20 33 45 12 23 50 11 9 25 22 49 46 44 21 13 38 19 35 34 43 4 1 2 42 41 31 18 24
3 1 6 4 2 5
43 12 36 16 15 33 44 27 37 50 45 17 25 19 26 14 38 22 49 47 9 29 28 32 11 13 42 46 34 31 35 23 20 40 41 24 30 10 48 21 39 18 8 7 6 5 4 3 2 1
15 8 20 19 3 4 12 11 10 9 13 14 2 1 5 6 7 48 16 23 22 21 17 18 30 29 25 24 31 39 35 36 37 38 26 27 28 44 43 42 41 45 46 34 33 32 47 40
14 10 6 17 3 35 49 31 12 27 40 38 36 21 7 46 37 16 18 22 2 34 42 28 50 44 33 26 45 20 4 43 9 24 15 41 29 39 25 8 47 5 48 11 30 23 1 13 32 19
13 5 4 19 27 31 41 20 28 40 15 44 48 7 50 49 36 6 21 9 3 22 29 30 42 38 18 45 32 37 43 2 24 11 14 12 26 25 35 46 47 17 33 10 39 23 1 16 8 34
45 24 1 8 30 38 17 32 28 3 19 49 14 42 36 15 16 18 34 39 29 27 41 47 48 22 21 50 9 6 2 12 33 7 10 25 44 11 26 46 35 5 4 43 20 37 23 31 40 13
23 19 20 34 14 9 39 12 42 4 13 48 2 47 25 16 45 10 30 41 36 31 22 40 38 21 44 7 1 6 15 5 50 8 17 24 32 26 49 29 27 35 18 11 3 43 46 33 28 37
30 16 40 45 22 23 10 3 33 27 7 37 13 42 6 31 50 46 26 17 28 19 14 20 12 4 25 44 49 36 15 1 39 32 8 43 9 48 5 41 35 38 29 24 11 18 47 34 2 21
16 10 42 46 39 35 28 32 45 2 41 40 50 26 49 8 22 21 6 4 47 25 14 33 23 5 18 13 44 30 37 11 12 27 17 9 31 43 24 36 34 15 3 29 7 48 19 20 1 38
2 21 48 23 24 49 45 44 13 26 32 39 18 22 28 50 34 9 12 25 33 40 46 31 14 27 15 1 41 7 38 43 17 10 29 47 35 3 30 42 20 37 5 16 4 11 19 36 6 8
34 43 2 1 11 39 28 25 23 46 36 16 44 21 47 26 17 38 9 37 10 24 3 42 6 20 13 18 35 45 15 41 33 19 27 14 32 8 22 48 49 50 40 5 12 31 7 30 4 29
42 47 5 11 24 32 15 9 38 3 2 34 16 39 17 35 22 20 25 40 28 29 23 44 4 41 26 33 37 45 50 10 8 48 46 43 36 18 21 14 19 7 1 6 12 30 31 49 13 27
5 3 39 7 21 1 36 2 22 8 11 9 44 38 27 10 17 24 20 47 14 13 26 6 34 35 32 12 30 40 48 4 46 43 29 23 41 37 16 49 45 15 19 18 33 31 28 42 50 25
42 41 45 44 48 47 46 11 30 31 32 28 29 25 26 27 43 22 35 19 18 17 21 20 24 23 5 1 2 3 4 8 7 6 14 15 16 12 13 9 10 34 33 37 38 39 40 36
36 33 48 28 20 18 3 1 17 32 13 21 12 38 15 47 29 44 4 37 30 45 16 24 34 19 7 25 27 42 26 9 39 22 5 40 41 35 43 8 14 31 23 46 50 49 6 11 2 10
25 26 1 27 2 28 3 29 4 30 5 31 6 32 7 33 8 34 9 35 10 36 11 37 12 38 13 39 14 40 15 41 16 42 17 43 18 44 19 45 20 46 21 47 22 48 23 49 24 50
14 46 34 30 21 8 22 29 50 37 11 19 5 49 47 15 23 1 42 35 43 9 12 10 40 31 45 24 4 2 27 28 48 16 7 18 39 41 3 17 20 36 38 44 25 6 13 32 26 33
3 20 35 31 34 44 17 28 1 10 19 23 43 24 47 22 11 12 33 38 9 6 29 49 16 2 15 13 46 14 42 37 26 8 5 48 39 27 30 41 4 25 36 50 7 40 18 45 21 32
3 1 6 20 9 4 13 15 8 18 7 17 11 5 12 14 16 10 19 2
31 6 30 5 29 4 28 3 27 2 26 1 7 32 8 33 9 34 10 35 11 36 12 37 13 38 14 39 15 40 16 41 17 42 18 43 19 44 20 45 21 46 22 47 23 48 24 49 25 50
36 11 30 49 37 16 22 7 31 34 48 1 33 46 15 14 9 50 40 35 6 27 8 17 25 44 28 32 43 47 39 13 20 4 21 18 10 29 19 2 26 45 41 42 5 3 23 24 38 12
1 2 26 27 28 3 4 5 29 30 31 6 7 8 32 33 34 9 10 11 35 36 37 12 13 14 38 39 40 15 16 17 41 42 43 18 19 20 44 45 46 21 22 23 47 48 49 24 25 50
5 9 16 23 19 24 34 33 42 37 3 20 11 26 21 39 36 46 38 48 45 30 6 32 22 44 47 41 27 40 15 1 12 8 14 10 17 31 49 43 35 2 7 4 13 18 25 28 29 50
5 14 13 10 3 4 7 8 1 6 12 2 11 9
1 5 2 6 3 7 4 8
23 22 21 20 19 18 17 16 15 14 13 12 11 10 9 8 7 6 5 4 3 2 1 24 25 26 27 28 29 30 31 32 33 34 35 36 37 38 39 40 41 42 43 44 45 46 47 48
2 1 5 6 7 8 4 3 14 13 9 10 11 12 16 15 18 17 21 22 23 24 20 19
20 31 13 27 16 23 4 36 39 45 10 15 34 37 22 7 29 28 9 48 44 24 8 5 17 21 38 25 46 33 6 50 2 1 19 32 49 40 41 12 3 43 14 18 47 26 30 42 35 11
44 19 45 50 22 43 30 17 32 26 20 48 41 49 37 2 35 11 36 42 14 24 39 46 10 34 27 47 9 7 6 4 3 33 23 13 5 25 15 1 31 40 16 29 18 28 8 38 21 12
1 3 6 2 8 5 10 4 11 7 12 9 14 16 13 15
35 29 11 6 25 8 7 13 3 19 23 31 26 14 5 27 37 10 28 18 16 4 15 21 9 20 22 36 1 2 32 30 40 39 24 38 34 12 17 33
30 48 37 24 29 36 11 45 33 9 13 43 23 40 26 44 46 3 35 5 47 1 8 20 17 6 7 27 32 49 4 2 15 39 16 28 22 12 21 38 18 19 25 14 31 10 34 41 50 42
29 11 28 8 5 4 13 41 17 20 46 15 10 16 7 35 49 14 3 31 36 37 50 43 24 30 44 38 32 34 45 19 26 21 9 12 22 6 2 27 33 23 18 48 47 1 42 39 25 40
10 20 26 35 19 5 3 27 7 12 49 30 44 17 21 41 2 9 14 40 32 50 25 45 23 37 16 29 8 38 48 36 39 31 4 33 18 22 1 43 6 15 24 47 34 42 28 46 13 11
19 29 28 20 24 14 18 17 1 2 3 4 5 16 40 39 38 37 6 21 15 12 13 32 31 9 10 11 27 41 8 23 22 49 48 47 46 45 44 43 42 35 34 30 26 25 33 7 50 36
18 13 5 32 6 4 30 10 22 7 25 34 3 23 29 26 8 27 9 1 15 16 11 21 20 33 24 31 2 17 28 19 12 14
12 22 37 26 23 14 45 19 28 4 10 27 43 17 50 36 1 20 47 33 5 32 6 38 39 34 48 9 42 3 15 49 18 25 7 40 41 2 8 35 16 11 24 46 44 21 29 30 13 31
49 21 35 42 32 16 41 31 17 47 7 1 29 44 15 27 38 43 25 50 39 30 11 2 9 23 6 22 45 37 8 40 5 12 46 36 26 18 33 10 24 4 34 19 13 28 48 3 14 20
23 8 7 11 27 24 33 14 29 16 22 38 39 34 25 17 4 30 37 18 13 40 10 15 26 19 6 9 21 31 2 12 5 35 3 1 32 20 28 36
19 6 7 23 13 2 9 8 1 12 20 17 21 22 14 15 18 11 10 3 4 5 16 24
31 30 11 10 9 13 12 16 15 14 27 26 25 29 28 32 36 35 34 33 37 38 39 40 44 48 47 46 45 41 42 43 22 23 24 20 21 17 18 19 6 7 8 4 5 1 2 3 49 50
36 35 34 38 39 40 33 37 29 28 27 26 30 31 32 25 21 17 9 13 12 11 10 14 15 16 24 23 22 18 19 20 6 7 8 1 2 3 4 5 41 45 44 43 42 46 47 48
35 31 49 13 48 23 32 6 18 38 24 4 16 39 3 19 44 21 5 27 42 40 2 12 20 28 43 30 25 1 7 50 45 17 33 14 41 10 36 37 34 11 26 47 9 29 46 15 8 22
3 2 6 4 1 5
35 40 6 37 5 4 8 7 47 27 26 25 3 13 32 39 45 38 22 1 34 20 21 18 16 48 24 9 36 10 19 11 31 30 14 43 42 44 17 12 41 33 2 29 23 46 28 15
9 4 1 5 2 6 3 8 7 10
1 3 5 4 2 6
1 2 3 4 5 6 7 8 9 10 11 12 13 14 15 16 17 18 19 20 21 22 23 24 25 26 27 28 29 30 31 32 33 34 35 36 37 38 39 40 41 42 43 44 45 46 47 48 49 50
46 29 41 7 18 45 33 2 43 21 37 1 42 12 9 15 20 30 44 19 39 40 49 6 34 27 28 11 3 26 4 38 36 23 13 35 48 14 17 5 47 22 8 32 31 25 16 24 10 50
6 7 4 3 1 2 5 8 11 10 9 12 13 15 14 16 17 20 18 19 21 24 22 23 25 27 26 29 32 30 28 31 33 35 38 36 34 37 39 40 42 41 43 45 48 46 44 47 49 50
42 1 33 5 6 7 3 4 16 15 11 12 24 25 18 19 23 22 21 20 32 31 27 28 29 30 10 17 13 14 26 34 41 40 39 35 36 48 47 43 44 8 9 2 38 37 45 46
25 28 17 9 2 6 16 3 11 5 27 15 7 1 12 20 24 4 23 18 21 14 26 19 22 13 8 10
28 23 33 24 29 12 48 8 31 11 34 22 41 15 46 13 44 2 1 3 37 14 43 17 35 16 38 18 39 25 26 27 20 30 7 42 21 36 19 32 9 45 10 40 5 47 6 50 4 49
25 33 38 36 21 5 28 6 8 12 47 37 31 27 16 7 39 23 11 13 2 43 9 34 17 10 46 41 20 26 22 48 29 15 44 50 14 42 4 19 18 35 3 32 40 30 1 24 45 49
9 14 20 15 16 47 6 11 46 44 41 13 18 31 7 34 33 29 36 40 39 28 37 48 12 23 22 25 27 42 3 43 35 19 49 1 21 17 2 8 32 10 4 45 5 24 30 26 50 38
5 50 7 42 3 9 16 37 20 35 40 49 19 32 39 48 1 44 14 8 45 13 26 24 21 28 6 41 43 12 22 25 46 4 18 29 27 2 34 23 38 47 30 11 36 31 33 17 15 10
3 23 18 33 44 42 9 40 21 16 10 27 22 29 39 8 5 46 45 36 26 28 30 47 4 19 41 2 31 48 35 13 38 49 20 15 14 37 11 7 32 6 17 12 1 50 24 34 43 25
2 3 4 5 1 16 15 14 13 12 11 6 7 8 9 10
26 1 8 28 10 2 38 34 6 35 43 42 11 41 16 39 32 40 17 15 33 18 29 47 5 9 37 49 44 4 7 20 46 23 36 21 3 45 12 14 27 19 31 25 50 13 22 30 24 48
9 29 42 10 27 1 36 13 50 14 47 19 45 30 34 39 17 18 40 31 3 49 21 33 28 32 6 25 22 5 2 20 4 16 41 43 46 8 11 26 44 12 35 38 23 15 37 24 48 7
50 35 13 34 40 36 46 18 41 39 27 19 3 23 10 25 11 1 5 7 16 12 29 15 28 44 45 49 26 4 14 43 6 42 31 32 48 9 24 17 33 47 38 8 20 30 21 2 22 37
4 3 10 2 6 5 1 7 9 8
17 16 15 14 13 12 11 10 18 3 4 5 6 7 8 9 20 19 2 1
