1 2 7 6 5 4 3 8
9 10 5 1 2 7 3 4 6 8
26 20 16 14 10 25 3 39 9 21 8 27 12 42 32 40 31 38 6 11 33 36 18 44 13 29 43 35 37 47 15 41 22 17 48 4 7 1 23 28 46 34 30 24 45 2 19 5
11 13 43 26 24 3 49 1 37 2 40 9 10 14 50 4 36 23 12 33 21 39 34 32 44 35 15 20 8 18 45 5 16 7 41 42 28 19 17 48 31 25 30 27 6 38 46 22 47 29
6 7 4 3 1 2 5 8 11 10 9 12 13 15 14 16 17 20 18 19 21 24 22 23 25 27 26 29 32 30 28 31 33 35 38 36 34 37 39 40 42 41 43 45 48 46 44 47 49 50
49 50 25 41 43 44 9 42 40 48 45 11 13 19 7 12 20 21 26 6 15 30 39 4 16 24 36 33 46 3 22 32 28 27 34 5 10 23 37 14 18 31 38 29 1 47 8 2 17 35
19 11 23 32 25 33 15 38 2 39 26 8 37 29 4 6 47 46 7 34 36 21 35 3 48 10 1 30 20 50 13 43 22 12 5 41 14 28 45 16 49 42 44 18 27 31 40 9 17 24
24 29 44 37 36 1 27 43 2 33 46 32 7 45 22 42 8 38 10 15 25 48 13 47 50 17 49 40 26 30 35 4 9 31 39 5 21 14 11 34 3 18 23 16 12 28 6 20 19 41
7 3 8 17 19 22 2 10 5 12 15 21 1 9 20 18 4 11 6 13 14 16
20 18 14 19 12 17 16 15 13 11 30 10 8 9 2 3 7 5 4 6 1 21 27 24 26 29 23 28 25 22 35 34 37 33 40 38 31 39 36 32 46 49 44 42 47 41 45 50 43 48
3 2 6 1 5 4
3 2 1 4 5 8 7 6 11 22 23 24 21 20 17 18 19 14 15 16 13 12 9 10
11 12 10 3 7 41 48 44 45 27 32 31 42 29 23 33 13 24 21 28 16 22 19 36 30 39 47 40 38 46 43 49 50 37 25 26 17 18 4 2 9 8 1 20 5 15 6 14 35 34
36 35 49 34 44 33 27 38 26 30 47 37 39 15 16 6 9 8 20 10 17 25 21 2 14 12 48 32 41 42 28 31 40 50 46 45 29 43 7 3 11 13 1 24 4 19 5 22 23 18
43 36 41 7 44 35 25 14 22 11 9 2 48 33 8 46 6 27 30 3 5 34 4 50 28 15 40 37 42 26 19 49 12 38 31 17 16 18 21 13 24 39 32 10 29 1 23 45 47 20
37 38 14 23 49 16 13 45 42 12 41 17 39 10 35 26 50 11 40 33 9 5 29 21 25 44 46 4 34 2 28 15 32 30 47 43 8 3 19 27 31 7 18 24 48 20 1 6 36 22
6 7 16 2 4 3 10 17 11 1 9 8 5 18 13 19 20 12 15 14
33 8 7 47 18 31 21 48 28 29 5 26 27 37 24 1 22 17 45 3 42 43 19 46 36 30 10 25 39 32 35 44 14 15 16 12 4 9 20 11 6 2 23 40 38 41 13 34
20 30 47 11 18 26 24 40 12 44 48 34 31 9 29 37 8 35 5 23 13 33 3 39 25 4 17 36 2 32 45 42 50 22 15 14 46 6 41 10 43 38 7 27 19 21 28 16 1 49
1 28 11 29 25 50 4 31 5 48 47 12 41 13 27 16 32 37 18 36 2 44 30 43 40 26 9 8 22 45 7 24 35 21 19 33 20 14 42 49 15 34 39 17 3 6 46 10 23 38
49 35 5 29 18 45 25 43 21 1 17 31 30 2 28 11 16 13 10 46 36 33 39 34 23 22 9 20 41 14 19 27 6 12 8 24 38 44 3 37 7 32 42 47 48 40 4 26 50 15
6 38 32 3 28 39 24 21 23 14 27 9 40 8 31 7 36 25 18 29 22 26 30 33 12 16 5 4 1 13 35 10 34 19 17 11 2 15 37 20
22 3 5 11 16 6 13 48 8 32 25 30 36 28 39 10 29 47 18 26 34 37 15 45 20 41 40 4 9 2 17 46 12 33 7 35 49 27 23 44 42 21 50 1 31 14 43 24 19 38
45 10 25 14 16 35 34 29 1 3 39 2 21 20 9 41 30 11 5 44 42 26 6 31 36 8 37 24 32 15 19 50 17 48 22 40 13 28 7 49 43 33 18 12 27 46 47 4 23 38
10 16 25 43 40 21 30 49 23 48 26 44 15 9 1 8 35 31 7 12 29 27 20 47 33 39 34 22 32 41 42 5 28 38 4 37 19 11 2 36 46 6 17 3 24 13 14 50 45 18
3 37 32 30 29 49 40 42 17 41 5 20 26 6 27 21 7 2 48 50 31 1 23 28 16 14 13 11 19 46 44 22 33 47 39 18 4 36 45 15 9 12 24 38 43 35 25 8 34 10
10 45 44 25 30 19 42 27 49 18 9 34 40 33 13 46 5 16 32 7 39 3 14 22 11 29 23 2 17 43 6 41 36 31 47 15 26 35 20 28 24 4 21 37 12 1 8 38 50 48
40 20 19 18 22 23 24 17 41 48 47 46 42 43 44 45 21 37 36 35 34 38 39 26 27 28 29 30 31 32 25 1 8 7 6 2 3 4 5 33 9 13 12 11 10 14 15 16
1 26 2 27 3 28 4 29 5 30 6 31 7 32 8 33 9 34 10 35 11 36 37 38 13 12 14 39 15 40 16 41 17 42 18 43 19 44 20 45 21 46 22 47 23 48 24 49 25 50
25 8 17 37 10 27 12 16 38 14 30 11 33 1 9 39 35 45 13 5 50 7 26 20 32 21 40 18 29 42 22 6 23 31 24 43 36 2 48 4 15 47 49 28 19 34 46 3 41 44
14 12 19 5 11 26 38 44 31 21 48 47 34 32 43 36 27 9 35 41 18 37 40 45 33 17 42 16 8 50 6 24 20 39 7 23 3 30 1 10 29 49 22 25 46 2 28 13 15 4
20 8 10 21 35 9 4 40 45 16 12 30 47 33 50 38 32 25 43 44 37 39 34 29 41 31 5 1 3 42 13 19 2 6 46 28 26 11 15 18 24 17 14 36 22 23 7 49 48 27
44 19 4 14 10 11 48 27 3 35 43 15 22 26 2 36 17 30 25 7 20 9 47 29 21 37 1 28 8 5 50 42 6 46 16 32 12 39 13 40 45 24 33 34 18 23 49 31 41 38
6 4 9 14 12 17 3 7 10 19 18 13 5 20 16 11 8 1 2 15
4 27 26 25 24 23 48 47 46 22 21 20 45 44 43 19 18 17 42 41 40 16 15 14 39 38 37 13 12 11 36 35 34 10 9 8 33 32 31 7 6 5 30 29 28 3 2 1 50 49
33 34 16 15 30 31 4 3 32 27 28 22 21 13 41 47 46 8 9 39 43 42 18 17 44 50 49 10 11 12 35 7 6 5 40 45 38 23 24 36 37 29 19 20 25 26 14 48 2 1
1 27 4 26 5 29 9 31 20 49 17 35 3 33 12 34 8 30 6 28 7 21 22 42 32 11 16 36 10 39 14 37 18 41 2 38 40 43 25 50 19 15 45 48 24 46 13 44 23 47
18 13 46 39 17 40 44 12 16 45 26 2 4 32 28 43 8 35 27 6 11 41 49 47 33 38 37 15 9 50 22 34 1 19 29 42 36 5 3 14 24 48 30 21 23 20 10 7 31 25
31 27 1 3 2 26 29 28 4 5 6 30 33 32 8 7 10 34 35 36 12 9 11 37 39 38 14 13 16 40 41 42 18 15 17 43 45 44 20 19 22 46 47 48 24 21 23 49 50 25
24 43 14 42 10 15 48 1 25 35 41 38 5 37 22 3 50 28 46 4 2 47 45 29 36 7 19 49 13 6 39 40 33 34 12 8 23 9 27 20 18 26 32 16 17 30 44 21 31 11
45 9 19 3 46 37 20 11 34 1 4 44 36 49 16 27 43 14 28 6 18 22 21 39 2 42 38 12 41 48 17 7 32 23 50 25 26 35 15 31 8 40 33 5 30 24 47 10 13 29
1 26 2 27 3 28 4 29 5 30 6 31 7 32 8 33 9 34 10 35 11 36 12 37 15 14 13 38 39 40 16 41 17 42 18 43 19 44 20 45 21 46 22 47 23 48 24 49 25 50
22 23 27 28 25 26 24 29 21 4 2 1 9 5 6 7 3 10 8 30 13 12 16 19 15 11 18 20 14 17 44 43 41 50 49 45 47 42 46 48 35 39 37 40 38 33 36 34 31 32
29 2 5 16 10 30 33 40 12 4 1 32 48 3 27 39 47 41 23 21 31 37 50 19 34 38 24 49 26 6 9 22 25 42 8 15 17 35 20 36 13 46 7 18 45 28 11 43 44 14
33 12 22 19 32 6 36 30 15 29 50 1 24 23 7 45 8 48 26 41 28 18 3 9 38 31 43 40 49 46 13 39 2 5 25 20 17 35 16 14 34 4 44 21 10 47 37 27 11 42
9 7 16 3 4 12 2 5 10 11 1 13 6 15 14 8
38 48 15 33 23 27 25 21 16 49 8 35 46 30 40 45 14 41 19 34 31 32 42 10 17 2 28 11 5 22 7 39 36 6 20 12 9 37 43 3 1 13 47 50 44 4 24 18 29 26
7 3 48 36 8 40 15 19 17 35 10 47 5 2 23 41 4 22 25 50 31 43 21 18 9 16 6 11 30 38 37 26 24 13 32 29 20 49 33 42 1 12 45 44 28 14 46 27 39 34
14 20 49 28 4 13 22 25 32 16 15 17 34 50 3 12 36 37 41 30 9 33 31 1 27 43 35 21 24 6 10 29 8 19 23 18 2 47 7 26 11 5 40 44 39 46 42 45 38 48
6 14 4 26 36 29 2 35 22 25 7 12 13 32 30 39 11 15 3 34 27 5 10 19 23 24 33 1 40 21 38 20 8 16 37 28 31 9 18 17
10 34 31 9 42 23 47 21 32 43 29 12 5 16 1 49 7 14 38 28 4 45 46 41 8 25 44 11 24 48 15 6 17 36 3 39 19 33 40 18 2 22 37 35 27 26 30 50 13 20
9 3 30 2 45 22 48 8 14 16 39 50 21 43 24 11 20 36 27 19 18 7 28 23 31 12 47 6 4 32 25 1 44 29 5 35 41 33 13 38 34 49 15 26 46 10 17 40 42 37
36 15 16 35 17 34 18 33 19 32 20 21 22 23 24 25 26 27 28 29 30 31 44 50 1 2 49 3 48 4 47 5 46 6 45 7 8 43 37 14 38 13 39 12 40 11 41 10 42 9
10 27 29 30 38 26 43 7 35 19 2 15 49 50 36 1 28 45 20 32 9 21 16 13 46 37 31 40 33 24 17 11 47 48 3 22 8 34 6 12 39 41 25 14 4 42 5 23 44 18
6 26 30 14 24 43 29 3 9 40 13 46 12 45 47 15 22 38 34 49 8 41 27 5 32 48 16 31 20 2 11 37 33 35 25 18 44 42 1 28 17 4 50 10 23 7 39 36 19 21
11 10 5 8 4 3 12 1 7 9 2 6
49 45 48 33 20 4 9 36 23 21 42 30 2 6 35 3 8 10 5 24 46 27 7 15 17 26 19 34 50 1 32 47 18 29 12 41 44 40 22 39 13 38 11 25 14 43 37 16 28 31
40 26 7 31 37 50 5 18 15 13 49 32 30 42 12 38 11 21 17 47 44 33 28 23 39 22 46 41 16 8 43 10 6 48 14 45 27 3 20 1 35 19 25 36 34 24 29 2 4 9
41 31 33 6 27 45 14 28 7 22 11 21 23 36 8 20 46 32 39 18 47 43 50 17 5 49 13 24 29 12 40 38 26 4 35 15 48 42 9 37 2 25 16 30 1 19 44 10 3 34
12 9 21 19 1 10 6 23 3 4 11 15 13 8 16 14 22 2 7 17 20 24 18 5
29 35 7 23 25 28 21 33 45 12 3 46 1 22 39 41 6 36 44 9 4 40 18 26 15 10 17 8 24 16 42 48 2 13 43 32 27 30 11 34 38 5 47 20 37 14 31 19
41 44 43 48 45 46 47 1 2 20 17 16 15 18 13 19 24 21 22 23 26 25 30 27 28 29 32 31 36 33 34 35 38 37 42 39 40 14 11 10 9 12 7 8 5 4 3 6
44 4 5 9 46 18 47 32 21 22 29 28 37 45 40 10 42 36 43 14 1 23 12 3 33 6 8 26 41 34 20 38 2 11 27 15 35 31 19 17 48 16 30 39 50 7 49 25 24 13
31 36 14 6 24 25 17 19 49 42 15 38 45 4 2 11 28 26 1 8 27 43 32 22 12 46 50 20 23 29 30 16 40 13 41 48 34 3 44 7 10 37 18 47 35 33 21 39 9 5
1 2 3 4 5 6 7 8 9 10 11 12 13 14 15 16 17 18 19 20 21 22 23 24 25 26 27 28 29 30 31 32 33 34 35 36 37 38 39 40 41 42 43 44 45 46 47 48 49 50
21 4 19 1 20 5 6 17 10 13 8 26 18 2 22 24 12 3 14 7 11 25 16 15 9 23
2 4 7 40 48 1 25 8 44 42 49 15 17 43 35 16 13 45 33 36 20 19 23 32 31 27 10 11 24 30 37 28 3 9 22 34 29 47 21 12 6 38 26 50 5 14 18 39 46 41
3 10 34 31 39 9 2 8 37 32 36 6 1 5 35 33 38 4 7 30 23 28 24 25 29 22 26 21 27 40 19 12 16 46 42 45 13 14 18 44 41 43 15 11 17 47 48 49 20 50
18 2 3 24 7 34 44 4 25 47 45 23 46 40 20 29 12 17 19 50 49 39 14 5 33 32 38 35 41 8 9 16 42 30 10 1 28 26 11 21 48 36 22 15 13 27 37 31 6 43
32 50 27 16 34 18 41 11 42 23 4 38 20 31 3 46 44 8 48 30 15 2 7 35 10 40 37 24 9 14 43 33 5 17 36 12 19 21 1 47 13 39 49 29 26 25 6 22 28 45
10 41 5 11 39 21 22 6 8 29 37 36 34 42 9 26 13 16 31 40 44 47 4 50 14 2 46 20 48 18 45 33 15 25 23 43 32 38 35 27 7 19 17 1 3 28 49 24 30 12
19 4 47 43 34 16 6 31 44 45 7 13 28 22 12 3 24 30 23 17 26 15 8 38 49 11 5 35 21 1 32 20 9 41 37 36 2 14 10 29 39 40 25 50 27 48 46 33 18 42
21 4 14 48 8 39 27 37 32 20 9 31 46 3 19 33 17 1 44 11 6 10 47 28 26 50 13 29 30 18 23 38 15 43 42 35 49 36 22 40 16 2 34 41 5 25 12 24 45 7
43 18 31 30 20 27 5 28 44 32 38 45 33 26 29 9 16 19 35 12 36 22 17 37 49 46 34 11 41 1 13 39 10 2 40 8 3 4 50 42 24 48 7 23 47 14 21 15 6 25
7 24 35 27 48 13 8 20 28 15 17 6 39 40 38 18 44 29 32 21 5 33 41 1 26 2 47 16 30 22 19 43 31 9 23 45 36 25 42 12 3 46 14 49 4 50 34 11 10 37
2 4 6 3 5 1
19 4 27 16 9 2 29 18 14 22 17 24 30 5 23 13 8 1 12 11 21 7 20 6 25 3 26 10 28 15
24 25 15 17 9 46 48 47 19 6 33 1 14 22 42 26 29 8 18 37 13 40 7 34 12 50 30 28 10 20 5 44 38 21 41 45 16 39 36 35 27 4 43 11 2 3 23 31 32 49
1 2 3 4 5 6 7 8 9 10 11 12 13 14 15 16 17 18 19 20 21 22 23 24 25 26 27 28 29 30 31 32 33 34 35 36 37 38 39 40 41 42 43 44 45 46 47 48 49 50
18 16 17 19 12 20 14 21 9 24 13 30 7 32 6 28 11 26 15 22 10 27 1 25 8 29 5 23 4 31 3 34 2 33
4 10 7 12 1 11 9 6 8 2 5 3
25 23 24 18 17 15 16 10 11 13 14 20 19 21 22 28 27 26 32 31 33 34 40 37 35 36 30 29 4 3 5 6 12 9 7 8 2 1 46 44 47 48 45 43 42 41 39 38
49 48 47 46 45 44 43 42 41 40 39 38 37 36 35 34 33 32 31 30 29 28 27 26 25 24 23 22 21 20 19 18 17 16 15 14 13 12 11 10 9 8 7 6 5 4 3 2 1 50
41 15 48 27 6 23 39 7 25 38 11 1 18 40 36 46 2 31 35 28 3 20 49 10 44 33 4 50 22 21 13 30 24 9 8 34 32 19 14 16 42 17 37 5 29 45 26 47 12 43
16 3 4 9 2 10 15 7 5 8 13 17 14 1 20 19 12 6 18 11
4 14 23 34 45 50 44 5 25 46 7 41 42 18 11 31 21 30 48 16 19 27 35 39 28 13 38 9 26 40 33 36 15 1 37 2 17 47 8 20 3 49 12 32 22 6 10 24 29 43
11 40 39 5 2 20 27 42 14 36 46 35 18 23 1 22 32 17 50 26 15 13 24 38 4 29 34 30 28 47 7 9 48 25 44 43 16 45 3 19 49 8 33 6 37 12 31 41 21 10
25 49 35 48 18 27 38 10 33 4 11 5 46 14 26 3 44 17 47 19 1 45 21 39 20 43 16 15 2 13 7 40 24 37 9 8 22 50 6 32 31 23 30 36 41 29 42 12 34 28
23 21 38 50 9 26 41 43 18 12 16 36 11 47 31 40 2 46 39 22 28 1 29 37 24 15 25 10 8 42 7 45 4 44 3 19 6 33 49 13 48 5 32 30 14 20 35 17 27 34
25 5 7 37 26 33 13 28 35 22 16 41 2 31 17 3 32 8 23 34 6 29 36 21 40 1 39 12 27 9 10 19 42 24 20 15 11 43 46 44 4 45 30 38 14 18
15 33 36 42 20 34 29 38 10 11 40 2 3 23 8 37 21 39 17 28 7 22 1 41 32 35 12 24 19 4 31 25 26 16 14 13 18 9 6 5 30 27
15 16 33 34 31 32 20 19 46 21 22 30 29 23 24 49 50 40 39 9 10 11 12 5 6 17 41 38 37 43 44 8 7 45 48 4 3 36 35 2 1 14 13 18 47 42 26 25 27 28
16 37 50 31 43 3 15 28 25 19 30 26 9 29 42 44 7 34 18 27 35 4 13 32 8 20 40 14 24 17 11 12 39 45 5 1 47 23 2 41 21 38 33 22 36 6 10 49 46 48
7 8 9 10 50 49 18 17 16 15 14 43 42 41 40 39 38 30 31 32 33 34 35 46 47 48 37 36 1 2 3 4 5 6 11 19 20 21 22 23 24 25 26 27 28 29 45 44 12 13
1 2 3 4 42 37 12 17 50 26 35 9 15 28 48 14 25 44 13 45 21 22 20 39 29 33 8 41 27 49 31 38 30 18 10 16 34 36 40 32 43 47 19 23 46 11 24 7 6 5
9 30 50 2 1 12 10 15 34 25 23 46 33 43 18 16 14 7 31 35 45 3 4 32 11 22 27 6 20 42 29 39 41 47 13 48 44 36 38 24 5 19 40 28 21 17 8 26 49 37
2 42 50 40 8 35 21 5 6 13 11 23 9 30 12 45 31 33 44 48 28 46 15 41 34 19 29 7 32 47 22 24 16 38 17 1 3 10 25 37 36 26 18 49 27 4 20 39 43 14
3 2 1 5 4 6
41 4 33 20 42 36 47 21 11 44 12 18 5 13 9 8 29 14 37 50 6 32 25 22 17 40 27 24 30 7 46 15 31 23 1 35 3 43 28 48 49 39 45 34 2 10 38 26 19 16
11 44 35 19 37 47 5 28 12 42 34 8 29 13 18 2 27 14 15 10 48 25 16 46 32 36 39 41 17 20 22 23 30 45 38 1 6 24 31 9 49 33 43 21 3 4 26 50 7 40
